partiesfile version 1
512 512
 1 0 0 p_main_party Main_Party 1048576 0 0 25 0 0 0 0 0 17.000000 52.500000 17.000000 52.500000 17.000000 52.500000 0.0 1 0 1 0 0 
0.000000
 1 1 1 p_temp_party {!}temp_party 256 0 0 1 0 0 0 0 0 0.000000 0.000000 0.000000 0.000000 0.000000 0.000000 0.0 0 
0.000000
 1 2 2 p_camp_bandits {!}camp_bandits 256 0 0 2 0 0 0 0 0 1.000000 1.000000 1.000000 1.000000 1.000000 1.000000 0.0 1 3 3 0 0 
0.000000
 1 3 3 p_temp_party_2 {!}temp_party_2 256 0 0 1 0 0 0 0 0 0.000000 0.000000 0.000000 0.000000 0.000000 0.000000 0.0 0 
0.000000
 1 4 4 p_temp_casualties {!}casualties 256 0 0 3 0 0 0 0 0 1.000000 1.000000 1.000000 1.000000 1.000000 1.000000 0.0 0 
0.000000
 1 5 5 p_temp_casualties_2 {!}casualties 256 0 0 3 0 0 0 0 0 1.000000 1.000000 1.000000 1.000000 1.000000 1.000000 0.0 0 
0.000000
 1 6 6 p_temp_casualties_3 {!}casualties 256 0 0 3 0 0 0 0 0 1.000000 1.000000 1.000000 1.000000 1.000000 1.000000 0.0 0 
0.000000
 1 7 7 p_temp_wounded {!}enemies_wounded 256 0 0 3 0 0 0 0 0 1.000000 1.000000 1.000000 1.000000 1.000000 1.000000 0.0 0 
0.000000
 1 8 8 p_temp_killed {!}enemies_killed 256 0 0 3 0 0 0 0 0 1.000000 1.000000 1.000000 1.000000 1.000000 1.000000 0.0 0 
0.000000
 1 9 9 p_main_party_backup {!}_ 256 0 0 3 0 0 0 0 0 1.000000 1.000000 1.000000 1.000000 1.000000 1.000000 0.0 0 
0.000000
 1 10 10 p_encountered_party_backup {!}_ 256 0 0 3 0 0 0 0 0 1.000000 1.000000 1.000000 1.000000 1.000000 1.000000 0.0 0 
0.000000
 1 11 11 p_collective_friends_backup {!}_ 256 0 0 3 0 0 0 0 0 1.000000 1.000000 1.000000 1.000000 1.000000 1.000000 0.0 0 
0.000000
 1 12 12 p_player_casualties {!}_ 256 0 0 3 0 0 0 0 0 1.000000 1.000000 1.000000 1.000000 1.000000 1.000000 0.0 0 
0.000000
 1 13 13 p_enemy_casualties {!}_ 256 0 0 3 0 0 0 0 0 1.000000 1.000000 1.000000 1.000000 1.000000 1.000000 0.0 0 
0.000000
 1 14 14 p_ally_casualties {!}_ 256 0 0 3 0 0 0 0 0 1.000000 1.000000 1.000000 1.000000 1.000000 1.000000 0.0 0 
0.000000
 1 15 15 p_collective_enemy {!}collective_enemy 256 0 0 3 0 0 0 0 0 1.000000 1.000000 1.000000 1.000000 1.000000 1.000000 0.0 0 
0.000000
 1 16 16 p_collective_ally {!}collective_ally 256 0 0 3 0 0 0 0 0 1.000000 1.000000 1.000000 1.000000 1.000000 1.000000 0.0 0 
0.000000
 1 17 17 p_collective_friends {!}collective_ally 256 0 0 3 0 0 0 0 0 1.000000 1.000000 1.000000 1.000000 1.000000 1.000000 0.0 0 
0.000000
 1 18 18 p_total_enemy_casualties {!}_ 256 0 0 3 0 0 0 0 0 1.000000 1.000000 1.000000 1.000000 1.000000 1.000000 0.0 0 
0.000000
 1 19 19 p_routed_enemies {!}routed_enemies 256 0 0 3 0 0 0 0 0 1.000000 1.000000 1.000000 1.000000 1.000000 1.000000 0.0 0 
0.000000
 1 20 20 p_zendar Zendar 2114831 0 0 3 0 0 0 0 0 17.400000 43.000000 17.400000 43.000000 17.400000 43.000000 0.0 0 
0.000000
 1 21 21 p_town_1 Sargoth 4219917 0 0 3 0 0 0 0 0 63.540000 100.500000 63.540000 100.500000 63.540000 100.500000 0.0 0 
0.000000
 1 22 22 p_town_2 Tihr 4219917 0 0 3 0 0 0 0 0 79.230000 -36.470000 79.230000 -36.470000 79.230000 -36.470000 0.0 0 
0.872665
 1 23 23 p_town_3 Veluca 4219917 0 0 3 0 0 0 0 0 6.870000 59.000000 6.870000 59.000000 6.870000 59.000000 0.0 0 
0.000000
 1 24 24 p_town_4 Suno 4219917 0 0 3 0 0 0 0 0 122.040000 144.050000 122.040000 144.050000 122.040000 144.050000 0.0 0 
0.000000
 1 25 25 p_town_5 Jelkala 4219916 0 0 3 0 0 0 0 0 -78.390000 88.000000 -78.390000 88.000000 -78.390000 88.000000 0.0 0 
0.000000
 1 26 26 p_town_6 Praven 4219917 0 0 3 0 0 0 0 0 121.310000 85.450000 121.310000 85.450000 121.310000 85.450000 0.0 0 
0.000000
 1 27 27 p_town_7 Uxkhal 4219917 0 0 3 0 0 0 0 0 96.700000 177.300000 96.700000 177.300000 96.700000 177.300000 0.0 0 
0.000000
 1 28 28 p_town_8 Reyvadin 4219916 0 0 3 0 0 0 0 0 -8.260000 87.140000 -8.260000 87.140000 -8.260000 87.140000 0.0 0 
0.000000
 1 29 29 p_town_9 Khudan 4219916 0 0 3 0 0 0 0 0 48.040000 137.760000 48.040000 137.760000 48.040000 137.760000 0.0 0 
0.000000
 1 30 30 p_town_10 Tulga 4219917 0 0 3 0 0 0 0 0 -87.630000 60.490000 -87.630000 60.490000 -87.630000 60.490000 0.0 0 
0.000000
 1 31 31 p_town_11 Curaw 4219917 0 0 3 0 0 0 0 0 -100.870000 -13.540000 -100.870000 -13.540000 -100.870000 -13.540000 0.0 0 
0.000000
 1 32 32 p_town_12 Wercheg 4219917 0 0 3 0 0 0 0 0 64.520000 -22.400000 64.520000 -22.400000 64.520000 -22.400000 0.0 0 
1.029744
 1 33 33 p_town_13 Rivacheg 4219917 0 0 3 0 0 0 0 0 3.490000 157.840000 3.490000 157.840000 3.490000 157.840000 0.0 0 
0.000000
 1 34 34 p_town_14 Halmar 4219916 0 0 3 0 0 0 0 0 93.220000 203.150000 93.220000 203.150000 93.220000 203.150000 0.0 0 
0.000000
 1 35 35 p_town_15 Yalen 4219917 0 0 3 0 0 0 0 0 160.680000 12.400000 160.680000 12.400000 160.680000 12.400000 0.0 0 
0.000000
 1 36 36 p_town_16 Dhirim 4219916 0 0 3 0 0 0 0 0 -0.170000 12.100000 -0.170000 12.100000 -0.170000 12.100000 0.0 0 
0.000000
 1 37 37 p_town_17 Ichamur 4219917 0 0 3 0 0 0 0 0 57.540000 163.680000 57.540000 163.680000 57.540000 163.680000 0.0 0 
1.570796
 1 38 38 p_town_18 Narra 4219917 0 0 3 0 0 0 0 0 187.910000 212.310000 187.910000 212.310000 187.910000 212.310000 0.0 0 
0.000000
 1 39 39 p_town_19 Shariz 4219916 0 0 3 0 0 0 0 0 -161.940000 5.880000 -161.940000 5.880000 -161.940000 5.880000 0.0 0 
0.000000
 1 40 40 p_town_20 Durquba 4219916 0 0 3 0 0 0 0 0 46.490000 96.730000 46.490000 96.730000 46.490000 96.730000 0.0 0 
0.000000
 1 41 41 p_town_21 Ahmerrad 4219917 0 0 3 0 0 0 0 0 69.560000 129.290000 69.560000 129.290000 69.560000 129.290000 0.0 0 
0.000000
 1 42 42 p_town_22 Bariyye 4219917 0 0 3 0 0 0 0 0 79.200000 -3.300000 79.200000 -3.300000 79.200000 -3.300000 0.0 0 
0.000000
 1 43 43 p_town_23 Zitong 4219917 0 0 3 0 0 0 0 0 92.030000 25.730000 92.030000 25.730000 92.030000 25.730000 0.0 0 
0.000000
 1 44 44 p_town_24 Taiyuan 4219917 0 0 3 0 0 0 0 0 22.420000 219.150000 22.420000 219.150000 22.420000 219.150000 0.0 0 
0.000000
 1 45 45 p_town_25 hanzhong 4219916 0 0 3 0 0 0 0 0 133.060000 27.600000 133.060000 27.600000 133.060000 27.600000 0.0 0 
0.000000
 1 46 46 p_town_26 Durquba 4219917 0 0 3 0 0 0 0 0 133.300000 140.400000 133.300000 140.400000 133.300000 140.400000 0.0 0 
0.000000
 1 47 47 p_town_27 Ahmerrad 4219917 0 0 3 0 0 0 0 0 -124.000000 65.640000 -124.000000 65.640000 -124.000000 65.640000 0.0 0 
0.000000
 1 48 48 p_town_28 Bariyye 4219917 0 0 3 0 0 0 0 0 -132.140000 24.930000 -132.140000 24.930000 -132.140000 24.930000 0.0 0 
0.000000
 1 49 49 p_town_29 Zitong 4219917 0 0 3 0 0 0 0 0 11.500000 -18.040000 11.500000 -18.040000 11.500000 -18.040000 0.0 0 
0.000000
 1 50 50 p_town_30 Taiyuan 4219917 0 0 3 0 0 0 0 0 53.520000 34.310000 53.520000 34.310000 53.520000 34.310000 0.0 0 
0.000000
 1 51 51 p_town_31 hanzhong 4219917 0 0 3 0 0 0 0 0 99.370000 45.140000 99.370000 45.140000 99.370000 45.140000 0.0 0 
0.000000
 1 52 52 p_town_32 hanzhong 4219917 0 0 3 0 0 0 0 0 157.160000 -14.250000 157.160000 -14.250000 157.160000 -14.250000 0.0 0 
0.000000
 1 53 53 p_town_33 hanzhong 4219917 0 0 3 0 0 0 0 0 18.270000 -43.550000 18.270000 -43.550000 18.270000 -43.550000 0.0 0 
0.000000
 1 54 54 p_town_34 hanzhong 4219917 0 0 3 0 0 0 0 0 -164.240000 -135.890000 -164.240000 -135.890000 -164.240000 -135.890000 0.0 0 
0.000000
 1 55 55 p_town_35 hanzhong 4219917 0 0 3 0 0 0 0 0 -126.870000 100.730000 -126.870000 100.730000 -126.870000 100.730000 0.0 0 
0.000000
 1 56 56 p_town_36 hanzhong 4219917 0 0 3 0 0 0 0 0 -157.030000 127.360000 -157.030000 127.360000 -157.030000 127.360000 0.0 0 
0.506145
 1 57 57 p_town_37 hanzhong 4219917 0 0 3 0 0 0 0 0 -173.700000 153.600000 -173.700000 153.600000 -173.700000 153.600000 0.0 0 
0.000000
 1 58 58 p_town_38 hanzhong 4219917 0 0 3 0 0 0 0 0 -90.230000 184.820000 -90.230000 184.820000 -90.230000 184.820000 0.0 0 
0.000000
 1 59 59 p_town_39 hanzhong 4219917 0 0 3 0 0 0 0 0 32.980000 142.230000 32.980000 142.230000 32.980000 142.230000 0.0 0 
0.000000
 1 60 60 p_town_40 hanzhong 4219917 0 0 3 0 0 0 0 0 -34.550000 208.620000 -34.550000 208.620000 -34.550000 208.620000 0.0 0 
0.000000
 1 61 61 p_town_41 jiaozhi 4219917 0 0 3 0 0 0 0 0 -113.800000 -190.700000 -113.800000 -190.700000 -113.800000 -190.700000 0.0 0 
0.000000
 1 62 62 p_castle_1 Culmarr_Castle 4215822 0 0 3 0 0 0 0 0 113.380000 15.550000 113.380000 15.550000 113.380000 15.550000 0.0 0 
4.537856
 1 63 63 p_castle_2 Malayurg_Castle 4215843 0 0 3 0 0 0 0 0 169.890000 224.140000 169.890000 224.140000 169.890000 224.140000 0.0 0 
2.408554
 1 64 64 p_castle_3 Bulugha_Castle 4215843 0 0 3 0 0 0 0 0 -106.570000 58.910000 -106.570000 58.910000 -106.570000 58.910000 0.0 0 
4.677482
 1 65 65 p_castle_4 Radoghir_Castle 4215843 0 0 3 0 0 0 0 0 -23.430000 89.460000 -23.430000 89.460000 -23.430000 89.460000 0.0 0 
4.764749
 1 66 66 p_castle_5 Tehlrog_Castle 4215843 0 0 3 0 0 0 0 0 2.950000 89.930000 2.950000 89.930000 2.950000 89.930000 0.0 0 
4.363323
 1 67 67 p_castle_6 Tilbaut_Castle 4215822 0 0 3 0 0 0 0 0 84.800000 141.900000 84.800000 141.900000 84.800000 141.900000 0.0 0 
0.750492
 1 68 68 p_castle_7 Sungetche_Castle 4215843 0 0 3 0 0 0 0 0 0.940000 78.120000 0.940000 78.120000 0.940000 78.120000 0.0 0 
3.926991
 1 69 69 p_castle_8 Jeirbe_Castle 4215843 0 0 3 0 0 0 0 0 27.460000 93.010000 27.460000 93.010000 27.460000 93.010000 0.0 0 
4.537856
 1 70 70 p_castle_9 Jamiche_Castle 4215843 0 0 3 0 0 0 0 0 -70.880000 33.710000 -70.880000 33.710000 -70.880000 33.710000 0.0 0 
2.094395
 1 71 71 p_castle_10 Alburq_Castle 4215843 0 0 3 0 0 0 0 0 -62.600000 84.700000 -62.600000 84.700000 -62.600000 84.700000 0.0 0 
4.537856
 1 72 72 p_castle_11 Curin_Castle 4215843 0 0 3 0 0 0 0 0 -112.520000 73.970000 -112.520000 73.970000 -112.520000 73.970000 0.0 0 
2.094395
 1 73 73 p_castle_12 Chalbek_Castle 4215822 0 0 3 0 0 0 0 0 54.460000 115.830000 54.460000 115.830000 54.460000 115.830000 0.0 0 
3.577925
 1 74 74 p_castle_13 Kelredan_Castle 4215843 0 0 3 0 0 0 0 0 -55.160000 77.320000 -55.160000 77.320000 -55.160000 77.320000 0.0 0 
3.089233
 1 75 75 p_castle_14 Maras_Castle 4215843 0 0 3 0 0 0 0 0 -65.400000 10.590000 -65.400000 10.590000 -65.400000 10.590000 0.0 0 
5.009095
 1 76 76 p_castle_15 guangwei1 4215843 0 0 3 0 0 0 0 0 -93.840000 37.850000 -93.840000 37.850000 -93.840000 37.850000 0.0 0 
4.537856
 1 77 77 p_castle_16 guangwei1 4215843 0 0 3 0 0 0 0 0 -95.530000 42.500000 -95.530000 42.500000 -95.530000 42.500000 0.0 0 
6.195919
 1 78 78 p_castle_17 guangwei1 4215843 0 0 3 0 0 0 0 0 -112.710000 54.790000 -112.710000 54.790000 -112.710000 54.790000 0.0 0 
0.628319
 1 79 79 p_castle_18 Ismirala_Castle 4215843 0 0 3 0 0 0 0 0 2.850000 194.830000 2.850000 194.830000 2.850000 194.830000 0.0 0 
3.403392
 1 80 80 p_castle_19 guangwei1 4215843 0 0 3 0 0 0 0 0 -126.120000 39.410000 -126.120000 39.410000 -126.120000 39.410000 0.0 0 
2.775073
 1 81 81 p_castle_20 guangwei1 4215843 0 0 3 0 0 0 0 0 -146.630000 36.320000 -146.630000 36.320000 -146.630000 36.320000 0.0 0 
3.612831
 1 82 82 p_castle_21 guangwei1 4215843 0 0 3 0 0 0 0 0 -144.490000 20.260000 -144.490000 20.260000 -144.490000 20.260000 0.0 0 
5.515240
 1 83 83 p_castle_22 Unuzdaq_Castle 4215843 0 0 3 0 0 0 0 0 90.070000 219.450000 90.070000 219.450000 90.070000 219.450000 0.0 0 
3.054326
 1 84 84 p_castle_23 Tevarin_Castle 4215843 0 0 3 0 0 0 0 0 24.650000 146.690000 24.650000 146.690000 24.650000 146.690000 0.0 0 
4.537856
 1 85 85 p_castle_24 Reindi_Castle 4215843 0 0 3 0 0 0 0 0 -111.650000 97.230000 -111.650000 97.230000 -111.650000 97.230000 0.0 0 
2.583087
 1 86 86 p_castle_25 guangwei1 4215822 0 0 3 0 0 0 0 0 52.380000 119.590000 52.380000 119.590000 52.380000 119.590000 0.0 0 
3.647738
 1 87 87 p_castle_26 guangwei1 4215843 0 0 3 0 0 0 0 0 -129.910000 141.480000 -129.910000 141.480000 -129.910000 141.480000 0.0 0 
4.014257
 1 88 88 p_castle_27 Rindyar_Castle 4215843 0 0 3 0 0 0 0 0 -81.010000 97.000000 -81.010000 97.000000 -81.010000 97.000000 0.0 0 
3.368485
 1 89 89 p_castle_28 Grunwalder_Castle 4215843 0 0 3 0 0 0 0 0 -120.990000 -95.660000 -120.990000 -95.660000 -120.990000 -95.660000 0.0 0 
5.166174
 1 90 90 p_castle_29 Nelag_Castle 4215822 0 0 3 0 0 0 0 0 -79.780000 -22.130000 -79.780000 -22.130000 -79.780000 -22.130000 0.0 0 
4.886922
 1 91 91 p_castle_30 Asugan_Castle 4215822 0 0 3 0 0 0 0 0 74.800000 185.300000 74.800000 185.300000 74.800000 185.300000 0.0 0 
4.537856
 1 92 92 p_castle_31 Vyincourd_Castle 4215822 0 0 3 0 0 0 0 0 84.880000 152.360000 84.880000 152.360000 84.880000 152.360000 0.0 0 
4.537856
 1 93 93 p_castle_32 Knudarr_Castle 4215822 0 0 3 0 0 0 0 0 76.530000 107.210000 76.530000 107.210000 76.530000 107.210000 0.0 0 
4.537856
 1 94 94 p_castle_33 Etrosq_Castle 4215822 0 0 3 0 0 0 0 0 121.790000 -26.810000 121.790000 -26.810000 121.790000 -26.810000 0.0 0 
1.396263
 1 95 95 p_castle_34 Hrus_Castle 4215822 0 0 3 0 0 0 0 0 84.120000 10.200000 84.120000 10.200000 84.120000 10.200000 0.0 0 
4.537856
 1 96 96 p_castle_35 Haringoth_Castle 4215822 0 0 3 0 0 0 0 0 101.940000 161.390000 101.940000 161.390000 101.940000 161.390000 0.0 0 
4.537856
 1 97 97 p_castle_36 Jelbegi_Castle 4215822 0 0 3 0 0 0 0 0 67.580000 19.270000 67.580000 19.270000 67.580000 19.270000 0.0 0 
4.537856
 1 98 98 p_castle_37 Dramug_Castle 4215822 0 0 3 0 0 0 0 0 245.660000 230.470000 245.660000 230.470000 245.660000 230.470000 0.0 0 
4.537856
 1 99 99 p_castle_38 Tulbuk_Castle 4215822 0 0 3 0 0 0 0 0 -35.170000 116.090000 -35.170000 116.090000 -35.170000 116.090000 0.0 0 
4.537856
 1 100 100 p_castle_39 Slezkh_Castle 4215822 0 0 3 0 0 0 0 0 37.100000 171.520000 37.100000 171.520000 37.100000 171.520000 0.0 0 
4.886922
 1 101 101 p_castle_40 Uhhun_Castle 4215822 0 0 3 0 0 0 0 0 1.080000 174.750000 1.080000 174.750000 1.080000 174.750000 0.0 0 
4.537856
 1 102 102 p_castle_41 Jameyyed_Castle 4215822 0 0 3 0 0 0 0 0 83.500000 122.290000 83.500000 122.290000 83.500000 122.290000 0.0 0 
4.537856
 1 103 103 p_castle_42 Teramma_Castle 4215822 0 0 3 0 0 0 0 0 100.190000 150.250000 100.190000 150.250000 100.190000 150.250000 0.0 0 
1.396263
 1 104 104 p_castle_43 Sharwa_Castle 4215822 0 0 3 0 0 0 0 0 38.860000 123.010000 38.860000 123.010000 38.860000 123.010000 0.0 0 
4.537856
 1 105 105 p_castle_44 Durrin_Castle 4215822 0 0 3 0 0 0 0 0 107.400000 144.400000 107.400000 144.400000 107.400000 144.400000 0.0 0 
4.537856
 1 106 106 p_castle_45 Caraf_Castle 4215822 0 0 3 0 0 0 0 0 94.470000 128.600000 94.470000 128.600000 94.470000 128.600000 0.0 0 
4.537856
 1 107 107 p_castle_46 Weyyah_Castle 4215822 0 0 3 0 0 0 0 0 27.650000 76.580000 27.650000 76.580000 27.650000 76.580000 0.0 0 
4.537856
 1 108 108 p_castle_47 Samarra_Castle 4215822 0 0 3 0 0 0 0 0 81.800000 77.210000 81.800000 77.210000 81.800000 77.210000 0.0 0 
4.537856
 1 109 109 p_castle_48 Bardaq_Castle 4215822 0 0 3 0 0 0 0 0 -0.930000 24.610000 -0.930000 24.610000 -0.930000 24.610000 0.0 0 
4.537856
 1 110 110 p_castle_49 aaa_Castle 4215822 0 0 3 0 0 0 0 0 -10.530000 125.350000 -10.530000 125.350000 -10.530000 125.350000 0.0 0 
4.537856
 1 111 111 p_castle_50 bbb_Castle 4215822 0 0 3 0 0 0 0 0 -79.510000 2.970000 -79.510000 2.970000 -79.510000 2.970000 0.0 0 
3.926991
 1 112 112 p_castle_51 ccc_Castle 4215822 0 0 3 0 0 0 0 0 8.150000 -98.390000 8.150000 -98.390000 8.150000 -98.390000 0.0 0 
4.537856
 1 113 113 p_castle_52 ddd_Castle 4215822 0 0 3 0 0 0 0 0 176.680000 241.960000 176.680000 241.960000 176.680000 241.960000 0.0 0 
4.537856
 1 114 114 p_castle_53 eee_Castle 4215822 0 0 3 0 0 0 0 0 176.330000 196.230000 176.330000 196.230000 176.330000 196.230000 0.0 0 
4.537856
 1 115 115 p_castle_54 fff_Castle 4215822 0 0 3 0 0 0 0 0 -41.720000 87.960000 -41.720000 87.960000 -41.720000 87.960000 0.0 0 
0.872665
 1 116 116 p_castle_55 ggg_Castle 4215822 0 0 3 0 0 0 0 0 136.430000 59.160000 136.430000 59.160000 136.430000 59.160000 0.0 0 
4.537856
 1 117 117 p_castle_56 hhh_Castle 4215822 0 0 3 0 0 0 0 0 112.060000 203.400000 112.060000 203.400000 112.060000 203.400000 0.0 0 
4.537856
 1 118 118 p_castle_57 iii_Castle 4215822 0 0 3 0 0 0 0 0 129.630000 202.220000 129.630000 202.220000 129.630000 202.220000 0.0 0 
4.537856
 1 119 119 p_castle_58 jjj_Castle 4215822 0 0 3 0 0 0 0 0 200.600000 235.600000 200.600000 235.600000 200.600000 235.600000 0.0 0 
1.308997
 1 120 120 p_castle_59 xinye 4215822 0 0 3 0 0 0 0 0 113.450000 64.830000 113.450000 64.830000 113.450000 64.830000 0.0 0 
4.537856
 1 121 121 p_castle_60 zuofengyi 4215822 0 0 3 0 0 0 0 0 -59.510000 96.800000 -59.510000 96.800000 -59.510000 96.800000 0.0 0 
4.537856
 1 122 122 p_castle_61 chencang 4215822 0 0 3 0 0 0 0 0 -101.050000 86.520000 -101.050000 86.520000 -101.050000 86.520000 0.0 0 
4.537856
 1 123 123 p_castle_62 nanan 4215822 0 0 3 0 0 0 0 0 -152.690000 67.520000 -152.690000 67.520000 -152.690000 67.520000 0.0 0 
4.537856
 1 124 124 p_castle_63 longxi 4215822 0 0 3 0 0 0 0 0 1.650000 116.230000 1.650000 116.230000 1.650000 116.230000 0.0 0 
1.745329
 1 125 125 p_castle_64 tianshui 4215822 0 0 3 0 0 0 0 0 53.270000 -90.700000 53.270000 -90.700000 53.270000 -90.700000 0.0 0 
3.141593
 1 126 126 p_castle_65 jieting 4215822 0 0 3 0 0 0 0 0 74.350000 -73.250000 74.350000 -73.250000 74.350000 -73.250000 0.0 0 
1.570796
 1 127 127 p_castle_66 anding 4215822 0 0 3 0 0 0 0 0 -58.800000 57.500000 -58.800000 57.500000 -58.800000 57.500000 0.0 0 
4.537856
 1 128 128 p_castle_67 beidi 4215822 0 0 3 0 0 0 0 0 51.040000 191.770000 51.040000 191.770000 51.040000 191.770000 0.0 0 
0.785398
 1 129 129 p_castle_68 dunhuang 4215822 0 0 3 0 0 0 0 0 16.770000 92.350000 16.770000 92.350000 16.770000 92.350000 0.0 0 
0.523599
 1 130 130 p_castle_69 jiuquan 4215822 0 0 3 0 0 0 0 0 39.100000 87.310000 39.100000 87.310000 39.100000 87.310000 0.0 0 
4.537856
 1 131 131 p_castle_70 zhangye 4215822 0 0 3 0 0 0 0 0 -47.730000 36.530000 -47.730000 36.530000 -47.730000 36.530000 0.0 0 
4.537856
 1 132 132 p_castle_71 xiping 4215822 0 0 3 0 0 0 0 0 68.470000 118.750000 68.470000 118.750000 68.470000 118.750000 0.0 0 
1.919862
 1 133 133 p_castle_72 guangwei 4215822 0 0 3 0 0 0 0 0 -71.350000 51.950000 -71.350000 51.950000 -71.350000 51.950000 0.0 0 
4.537856
 1 134 134 p_castle_73 fufeng 4215822 0 0 3 0 0 0 0 0 -87.860000 81.470000 -87.860000 81.470000 -87.860000 81.470000 0.0 0 
4.537856
 1 135 135 p_castle_74 zhangye1 4215822 0 0 3 0 0 0 0 0 112.130000 114.170000 112.130000 114.170000 112.130000 114.170000 0.0 0 
4.537856
 1 136 136 p_castle_75 xiping1 4215822 0 0 3 0 0 0 0 0 96.100000 102.100000 96.100000 102.100000 96.100000 102.100000 0.0 0 
1.658063
 1 137 137 p_castle_76 guangwei1 4215822 0 0 3 0 0 0 0 0 45.770000 77.440000 45.770000 77.440000 45.770000 77.440000 0.0 0 
4.537856
 1 138 138 p_castle_77 fufeng1 4215822 0 0 3 0 0 0 0 0 155.850000 127.550000 155.850000 127.550000 155.850000 127.550000 0.0 0 
4.537856
 1 139 139 p_castle_78 zhangye1 4215822 0 0 3 0 0 0 0 0 113.950000 97.980000 113.950000 97.980000 113.950000 97.980000 0.0 0 
4.537856
 1 140 140 p_castle_79 xiping1 4215822 0 0 3 0 0 0 0 0 -77.850000 112.730000 -77.850000 112.730000 -77.850000 112.730000 0.0 0 
4.537856
 1 141 141 p_castle_80 guangwei1 4215822 0 0 3 0 0 0 0 0 -187.220000 186.740000 -187.220000 186.740000 -187.220000 186.740000 0.0 0 
2.007129
 1 142 142 p_castle_81 fufeng1 4215822 0 0 3 0 0 0 0 0 129.500000 110.080000 129.500000 110.080000 129.500000 110.080000 0.0 0 
4.537856
 1 143 143 p_castle_82 guangwei1 4215822 0 0 3 0 0 0 0 0 -29.820000 43.700000 -29.820000 43.700000 -29.820000 43.700000 0.0 0 
4.537856
 1 144 144 p_castle_83 guangwei1 4215822 0 0 3 0 0 0 0 0 -22.280000 59.430000 -22.280000 59.430000 -22.280000 59.430000 0.0 0 
4.537856
 1 145 145 p_castle_84 guangwei1 4215822 0 0 3 0 0 0 0 0 76.190000 48.830000 76.190000 48.830000 76.190000 48.830000 0.0 0 
4.537856
 1 146 146 p_castle_85 guangwei1 4215822 0 0 3 0 0 0 0 0 12.120000 25.860000 12.120000 25.860000 12.120000 25.860000 0.0 0 
4.537856
 1 147 147 p_castle_86 guangwei1 4215822 0 0 3 0 0 0 0 0 -27.240000 10.230000 -27.240000 10.230000 -27.240000 10.230000 0.0 0 
4.537856
 1 148 148 p_castle_87 guangwei1 4215822 0 0 3 0 0 0 0 0 -42.700000 12.900000 -42.700000 12.900000 -42.700000 12.900000 0.0 0 
4.677482
 1 149 149 p_castle_88 guangwei1 4215822 0 0 3 0 0 0 0 0 -29.310000 96.740000 -29.310000 96.740000 -29.310000 96.740000 0.0 0 
1.570796
 1 150 150 p_castle_89 guangwei1 4215822 0 0 3 0 0 0 0 0 -87.120000 -2.610000 -87.120000 -2.610000 -87.120000 -2.610000 0.0 0 
4.084070
 1 151 151 p_castle_90 guangwei1 4215822 0 0 3 0 0 0 0 0 -91.560000 14.100000 -91.560000 14.100000 -91.560000 14.100000 0.0 0 
4.537856
 1 152 152 p_castle_91 Ergellon_Castle 4215822 0 0 3 0 0 0 0 0 178.330000 -44.400000 178.330000 -44.400000 178.330000 -44.400000 0.0 0 
4.101524
 1 153 153 p_castle_92 Almerra_Castle 4215822 0 0 3 0 0 0 0 0 61.240000 80.440000 61.240000 80.440000 61.240000 80.440000 0.0 0 
0.785398
 1 154 154 p_castle_93 Distar_Castle 4215822 0 0 3 0 0 0 0 0 80.150000 171.480000 80.150000 171.480000 80.150000 171.480000 0.0 0 
0.261799
 1 155 155 p_castle_94 guangwei1 4215822 0 0 3 0 0 0 0 0 -74.500000 150.350000 -74.500000 150.350000 -74.500000 150.350000 0.0 0 
4.886922
 1 156 156 p_castle_95 guangwei1 4215822 0 0 3 0 0 0 0 0 154.190000 151.240000 154.190000 151.240000 154.190000 151.240000 0.0 0 
4.537856
 1 157 157 p_castle_96 guangwei1 4215822 0 0 3 0 0 0 0 0 -108.050000 21.100000 -108.050000 21.100000 -108.050000 21.100000 0.0 0 
4.537856
 1 158 158 p_castle_97 guangwei1 4215822 0 0 3 0 0 0 0 0 -101.020000 8.350000 -101.020000 8.350000 -101.020000 8.350000 0.0 0 
4.537856
 1 159 159 p_castle_98 guangwei1 4215822 0 0 3 0 0 0 0 0 -103.880000 -3.090000 -103.880000 -3.090000 -103.880000 -3.090000 0.0 0 
4.537856
 1 160 160 p_castle_99 guangwei1 4215822 0 0 3 0 0 0 0 0 -89.270000 -153.460000 -89.270000 -153.460000 -89.270000 -153.460000 0.0 0 
4.537856
 1 161 161 p_castle_100 guangwei1 4215822 0 0 3 0 0 0 0 0 -156.740000 -12.480000 -156.740000 -12.480000 -156.740000 -12.480000 0.0 0 
4.537856
 1 162 162 p_castle_101 guangwei1 4215822 0 0 3 0 0 0 0 0 -149.440000 14.500000 -149.440000 14.500000 -149.440000 14.500000 0.0 0 
4.537856
 1 163 163 p_castle_102 guangwei1 4215822 0 0 3 0 0 0 0 0 -152.150000 -36.410000 -152.150000 -36.410000 -152.150000 -36.410000 0.0 0 
3.211406
 1 164 164 p_castle_103 guangwei1 4215822 0 0 3 0 0 0 0 0 -125.000000 4.980000 -125.000000 4.980000 -125.000000 4.980000 0.0 0 
4.537856
 1 165 165 p_castle_104 guangwei1 4215822 0 0 3 0 0 0 0 0 22.520000 -0.910000 22.520000 -0.910000 22.520000 -0.910000 0.0 0 
4.537856
 1 166 166 p_castle_105 guangwei1 4215822 0 0 3 0 0 0 0 0 -121.280000 -24.880000 -121.280000 -24.880000 -121.280000 -24.880000 0.0 0 
4.537856
 1 167 167 p_castle_106 guangwei1 4215822 0 0 3 0 0 0 0 0 18.350000 -72.490000 18.350000 -72.490000 18.350000 -72.490000 0.0 0 
4.537856
 1 168 168 p_castle_107 guangwei1 4215822 0 0 3 0 0 0 0 0 -14.920000 -13.270000 -14.920000 -13.270000 -14.920000 -13.270000 0.0 0 
4.537856
 1 169 169 p_castle_108 guangwei1 4215822 0 0 3 0 0 0 0 0 -16.390000 -81.060000 -16.390000 -81.060000 -16.390000 -81.060000 0.0 0 
4.537856
 1 170 170 p_castle_109 guangwei1 4215822 0 0 3 0 0 0 0 0 56.300000 -3.270000 56.300000 -3.270000 56.300000 -3.270000 0.0 0 
4.537856
 1 171 171 p_castle_110 guangwei1 4215822 0 0 3 0 0 0 0 0 4.810000 -67.120000 4.810000 -67.120000 4.810000 -67.120000 0.0 0 
4.537856
 1 172 172 p_castle_111 guangwei1 4215822 0 0 3 0 0 0 0 0 -141.180000 -59.800000 -141.180000 -59.800000 -141.180000 -59.800000 0.0 0 
4.537856
 1 173 173 p_castle_112 guangwei1 4215822 0 0 3 0 0 0 0 0 135.580000 -18.710000 135.580000 -18.710000 135.580000 -18.710000 0.0 0 
4.537856
 1 174 174 p_castle_113 guangwei1 4215822 0 0 3 0 0 0 0 0 20.830000 -26.690000 20.830000 -26.690000 20.830000 -26.690000 0.0 0 
4.537856
 1 175 175 p_castle_114 guangwei1 4215822 0 0 3 0 0 0 0 0 127.500000 4.700000 127.500000 4.700000 127.500000 4.700000 0.0 0 
4.537856
 1 176 176 p_castle_115 guangwei1 4215822 0 0 3 0 0 0 0 0 79.940000 -24.700000 79.940000 -24.700000 79.940000 -24.700000 0.0 0 
2.216568
 1 177 177 p_castle_116 guangwei1 4215822 0 0 3 0 0 0 0 0 38.360000 -175.180000 38.360000 -175.180000 38.360000 -175.180000 0.0 0 
4.537856
 1 178 178 p_castle_117 guangwei1 4215822 0 0 3 0 0 0 0 0 -34.300000 -26.790000 -34.300000 -26.790000 -34.300000 -26.790000 0.0 0 
4.537856
 1 179 179 p_castle_118 guangwei1 4215822 0 0 3 0 0 0 0 0 -149.950000 -120.270000 -149.950000 -120.270000 -149.950000 -120.270000 0.0 0 
4.537856
 1 180 180 p_castle_119 guangwei1 4215822 0 0 3 0 0 0 0 0 58.670000 -44.110000 58.670000 -44.110000 58.670000 -44.110000 0.0 0 
4.537856
 1 181 181 p_castle_120 guangwei1 4215822 0 0 3 0 0 0 0 0 2.150000 -9.960000 2.150000 -9.960000 2.150000 -9.960000 0.0 0 
4.537856
 1 182 182 p_castle_121 guangwei1 4215822 0 0 3 0 0 0 0 0 -21.250000 -156.920000 -21.250000 -156.920000 -21.250000 -156.920000 0.0 0 
4.537856
 1 183 183 p_castle_122 guangwei1 4215822 0 0 3 0 0 0 0 0 -167.070000 -64.060000 -167.070000 -64.060000 -167.070000 -64.060000 0.0 0 
4.537856
 1 184 184 p_castle_123 guangwei1 4215822 0 0 3 0 0 0 0 0 -53.960000 -149.910000 -53.960000 -149.910000 -53.960000 -149.910000 0.0 0 
4.537856
 1 185 185 p_castle_124 guangwei1 4215822 0 0 3 0 0 0 0 0 -129.480000 -123.890000 -129.480000 -123.890000 -129.480000 -123.890000 0.0 0 
4.537856
 1 186 186 p_castle_125 guangwei1 4215822 0 0 3 0 0 0 0 0 48.030000 -12.070000 48.030000 -12.070000 48.030000 -12.070000 0.0 0 
4.537856
 1 187 187 p_castle_126 guangwei1 4215822 0 0 3 0 0 0 0 0 -3.600000 -39.430000 -3.600000 -39.430000 -3.600000 -39.430000 0.0 0 
4.537856
 1 188 188 p_castle_127 guangwei1 4215822 0 0 3 0 0 0 0 0 124.590000 -67.200000 124.590000 -67.200000 124.590000 -67.200000 0.0 0 
4.537856
 1 189 189 p_castle_128 guangwei1 4215822 0 0 3 0 0 0 0 0 38.810000 -8.940000 38.810000 -8.940000 38.810000 -8.940000 0.0 0 
4.537856
 1 190 190 p_castle_129 guangwei1 4215822 0 0 3 0 0 0 0 0 -181.090000 -138.300000 -181.090000 -138.300000 -181.090000 -138.300000 0.0 0 
4.537856
 1 191 191 p_castle_130 guangwei1 4215822 0 0 3 0 0 0 0 0 11.570000 99.520000 11.570000 99.520000 11.570000 99.520000 0.0 0 
4.537856
 1 192 192 p_castle_131 guangwei1 4215822 0 0 3 0 0 0 0 0 -150.840000 99.170000 -150.840000 99.170000 -150.840000 99.170000 0.0 0 
4.537856
 1 193 193 p_castle_132 guangwei1 4215822 0 0 3 0 0 0 0 0 -170.240000 111.240000 -170.240000 111.240000 -170.240000 111.240000 0.0 0 
4.537856
 1 194 194 p_castle_133 guangwei1 4215822 0 0 3 0 0 0 0 0 67.370000 139.840000 67.370000 139.840000 67.370000 139.840000 0.0 0 
1.396263
 1 195 195 p_castle_134 guangwei1 4215822 0 0 3 0 0 0 0 0 -109.550000 111.850000 -109.550000 111.850000 -109.550000 111.850000 0.0 0 
4.537856
 1 196 196 p_castle_135 Reindi_Castle 4215822 0 0 3 0 0 0 0 0 37.740000 157.880000 37.740000 157.880000 37.740000 157.880000 0.0 0 
4.537856
 1 197 197 p_castle_136 Ryibelet_Castle 4215822 0 0 3 0 0 0 0 0 101.200000 80.010000 101.200000 80.010000 101.200000 80.010000 0.0 0 
4.537856
 1 198 198 p_castle_137 Senuzgda_Castle 4215822 0 0 3 0 0 0 0 0 70.300000 152.120000 70.300000 152.120000 70.300000 152.120000 0.0 0 
4.537856
 1 199 199 p_castle_138 guangwei1 4215822 0 0 3 0 0 0 0 0 -144.270000 117.000000 -144.270000 117.000000 -144.270000 117.000000 0.0 0 
4.537856
 1 200 200 p_castle_139 guangwei1 4215822 0 0 3 0 0 0 0 0 -184.510000 132.420000 -184.510000 132.420000 -184.510000 132.420000 0.0 0 
4.537856
 1 201 201 p_castle_140 guangwei1 4215822 0 0 3 0 0 0 0 0 -112.980000 161.410000 -112.980000 161.410000 -112.980000 161.410000 0.0 0 
4.537856
 1 202 202 p_castle_141 guangwei1 4215822 0 0 3 0 0 0 0 0 -206.090000 203.900000 -206.090000 203.900000 -206.090000 203.900000 0.0 0 
4.537856
 1 203 203 p_castle_142 guangwei1 4215822 0 0 3 0 0 0 0 0 -238.020000 215.240000 -238.020000 215.240000 -238.020000 215.240000 0.0 0 
4.537856
 1 204 204 p_castle_143 guangwei1 4215822 0 0 3 0 0 0 0 0 -0.580000 -125.730000 -0.580000 -125.730000 -0.580000 -125.730000 0.0 0 
4.537856
 1 205 205 p_castle_144 guangwei1 4215822 0 0 3 0 0 0 0 0 106.040000 -7.200000 106.040000 -7.200000 106.040000 -7.200000 0.0 0 
4.537856
 1 206 206 p_castle_145 guangwei1 4215822 0 0 3 0 0 0 0 0 46.180000 -112.850000 46.180000 -112.850000 46.180000 -112.850000 0.0 0 
4.537856
 1 207 207 p_castle_146 guangwei1 4215822 0 0 3 0 0 0 0 0 97.900000 -56.780000 97.900000 -56.780000 97.900000 -56.780000 0.0 0 
4.537856
 1 208 208 p_castle_147 guangwei1 4215822 0 0 3 0 0 0 0 0 33.830000 21.710000 33.830000 21.710000 33.830000 21.710000 0.0 0 
4.537856
 1 209 209 p_castle_148 guangwei1 4215822 0 0 3 0 0 0 0 0 45.190000 52.130000 45.190000 52.130000 45.190000 52.130000 0.0 0 
4.537856
 1 210 210 p_castle_149 guangwei1 4215822 0 0 3 0 0 0 0 0 -21.100000 193.980000 -21.100000 193.980000 -21.100000 193.980000 0.0 0 
4.537856
 1 211 211 p_castle_150 guangwei1 4215822 0 0 3 0 0 0 0 0 -96.670000 138.390000 -96.670000 138.390000 -96.670000 138.390000 0.0 0 
4.537856
 1 212 212 p_castle_151 yuzhi 4215822 0 0 3 0 0 0 0 0 -173.890000 74.730000 -173.890000 74.730000 -173.890000 74.730000 0.0 0 
4.537856
 1 213 213 p_castle_152 hepu 4215822 0 0 3 0 0 0 0 0 -43.690000 -191.300000 -43.690000 -191.300000 -43.690000 -191.300000 0.0 0 
4.537856
 1 214 214 p_castle_153 jiuzhen 4215822 0 0 3 0 0 0 0 0 -124.500000 -238.700000 -124.500000 -238.700000 -124.500000 -238.700000 0.0 0 
4.537856
 1 215 215 p_castle_154 gaoliang 4215822 0 0 3 0 0 0 0 0 -11.600000 -193.600000 -11.600000 -193.600000 -11.600000 -193.600000 0.0 0 
4.537856
 1 216 216 p_castle_155 chenyang 4215822 0 0 3 0 0 0 0 0 -67.600000 -76.600000 -67.600000 -76.600000 -67.600000 -76.600000 0.0 0 
4.537856
 1 217 217 p_castle_156 zhucheng 4215822 0 0 3 0 0 0 0 0 245.300000 187.200000 245.300000 187.200000 245.300000 187.200000 0.0 0 
4.537856
 1 218 218 p_village_1 Yaragar 2114575 0 0 3 0 0 0 0 0 54.620000 127.360000 54.620000 127.360000 54.620000 127.360000 0.0 0 
1.745329
 1 219 219 p_village_2 Burglen 2114575 0 0 3 0 0 0 0 0 58.830000 155.560000 58.830000 155.560000 58.830000 155.560000 0.0 0 
1.919862
 1 220 220 p_village_3 Azgad 2114575 0 0 3 0 0 0 0 0 118.300000 137.650000 118.300000 137.650000 118.300000 137.650000 0.0 0 
2.094395
 1 221 221 p_village_4 Nomar 2114575 0 0 3 0 0 0 0 0 92.230000 157.360000 92.230000 157.360000 92.230000 157.360000 0.0 0 
2.268928
 1 222 222 p_village_5 Kulum 2114575 0 0 3 0 0 0 0 0 19.800000 193.150000 19.800000 193.150000 19.800000 193.150000 0.0 0 
2.967060
 1 223 223 p_village_6 Emirin 2114575 0 0 3 0 0 0 0 0 161.500000 143.320000 161.500000 143.320000 161.500000 143.320000 0.0 0 
1.745329
 1 224 224 p_village_7 Amere 2114575 0 0 3 0 0 0 0 0 87.380000 162.320000 87.380000 162.320000 87.380000 162.320000 0.0 0 
1.919862
 1 225 225 p_village_8 Haen 2114575 0 0 3 0 0 0 0 0 80.450000 -87.930000 80.450000 -87.930000 80.450000 -87.930000 0.0 0 
2.094395
 1 226 226 p_village_9 Buvran 2114575 0 0 3 0 0 0 0 0 -26.320000 -97.070000 -26.320000 -97.070000 -26.320000 -97.070000 0.0 0 
2.268928
 1 227 227 p_village_10 Mechin 2114575 0 0 3 0 0 0 0 0 172.990000 -32.290000 172.990000 -32.290000 172.990000 -32.290000 0.0 0 
2.967060
 1 228 228 p_village_11 Dusturil 2114575 0 0 3 0 0 0 0 0 -151.660000 74.060000 -151.660000 74.060000 -151.660000 74.060000 0.0 0 
1.745329
 1 229 229 p_village_12 Emer 2114575 0 0 3 0 0 0 0 0 78.770000 34.160000 78.770000 34.160000 78.770000 34.160000 0.0 0 
1.919862
 1 230 230 p_village_13 Nemeja 2114575 0 0 3 0 0 0 0 0 182.270000 138.850000 182.270000 138.850000 182.270000 138.850000 0.0 0 
2.094395
 1 231 231 p_village_14 Sumbuja 2114575 0 0 3 0 0 0 0 0 -20.500000 -27.300000 -20.500000 -27.300000 -20.500000 -27.300000 0.0 0 
2.268928
 1 232 232 p_village_15 Ryibelet 2114575 0 0 3 0 0 0 0 0 93.050000 146.370000 93.050000 146.370000 93.050000 146.370000 0.0 0 
2.967060
 1 233 233 p_village_16 Shapeshte 2114575 0 0 3 0 0 0 0 0 -20.170000 -123.890000 -20.170000 -123.890000 -20.170000 -123.890000 0.0 0 
2.967060
 1 234 234 p_village_17 Mazen 2114575 0 0 3 0 0 0 0 0 -142.350000 -126.070000 -142.350000 -126.070000 -142.350000 -126.070000 0.0 0 
0.610865
 1 235 235 p_village_18 Ulburban 2114575 0 0 3 0 0 0 0 0 -25.030000 -138.190000 -25.030000 -138.190000 -25.030000 -138.190000 0.0 0 
2.967060
 1 236 236 p_village_19 Hanun 2114575 0 0 3 0 0 0 0 0 -133.100000 -111.530000 -133.100000 -111.530000 -133.100000 -111.530000 0.0 0 
2.967060
 1 237 237 p_village_20 Uslum 2114575 0 0 3 0 0 0 0 0 247.390000 201.970000 247.390000 201.970000 247.390000 201.970000 0.0 0 
2.967060
 1 238 238 p_village_21 Bazeck 2114575 0 0 3 0 0 0 0 0 -42.860000 32.510000 -42.860000 32.510000 -42.860000 32.510000 0.0 0 
1.745329
 1 239 239 p_village_22 Shulus 2114575 0 0 3 0 0 0 0 0 73.880000 147.020000 73.880000 147.020000 73.880000 147.020000 0.0 0 
1.919862
 1 240 240 p_village_23 Ilvia 2114575 0 0 3 0 0 0 0 0 -86.280000 -80.090000 -86.280000 -80.090000 -86.280000 -80.090000 0.0 0 
2.094395
 1 241 241 p_village_24 Ruldi 2114575 0 0 3 0 0 0 0 0 -23.110000 -72.370000 -23.110000 -72.370000 -23.110000 -72.370000 0.0 0 
2.268928
 1 242 242 p_village_25 Dashbigha 2114575 0 0 3 0 0 0 0 0 29.300000 130.090000 29.300000 130.090000 29.300000 130.090000 0.0 0 
2.967060
 1 243 243 p_village_26 Pagundur 2114575 0 0 3 0 0 0 0 0 1.840000 -48.080000 1.840000 -48.080000 1.840000 -48.080000 0.0 0 
2.967060
 1 244 244 p_village_27 Glunmar 2114575 0 0 3 0 0 0 0 0 -20.160000 -9.240000 -20.160000 -9.240000 -20.160000 -9.240000 0.0 0 
2.967060
 1 245 245 p_village_28 Tash_Kulun 2114575 0 0 3 0 0 0 0 0 199.660000 206.780000 199.660000 206.780000 199.660000 206.780000 0.0 0 
2.967060
 1 246 246 p_village_29 Buillin 2114575 0 0 3 0 0 0 0 0 38.730000 -90.920000 38.730000 -90.920000 38.730000 -90.920000 0.0 0 
2.967060
 1 247 247 p_village_30 Ruvar 2114575 0 0 3 0 0 0 0 0 63.970000 -106.700000 63.970000 -106.700000 63.970000 -106.700000 0.0 0 
2.967060
 1 248 248 p_village_31 Ambean 2114575 0 0 3 0 0 0 0 0 6.380000 -155.040000 6.380000 -155.040000 6.380000 -155.040000 0.0 0 
1.745329
 1 249 249 p_village_32 Tosdhar 2114575 0 0 3 0 0 0 0 0 72.340000 98.020000 72.340000 98.020000 72.340000 98.020000 0.0 0 
1.919862
 1 250 250 p_village_33 Ruluns 2114575 0 0 3 0 0 0 0 0 110.780000 153.600000 110.780000 153.600000 110.780000 153.600000 0.0 0 
2.094395
 1 251 251 p_village_34 Ehlerdah 2114575 0 0 3 0 0 0 0 0 56.470000 170.670000 56.470000 170.670000 56.470000 170.670000 0.0 0 
2.268928
 1 252 252 p_village_35 Fearichen 2114575 0 0 3 0 0 0 0 0 166.180000 -64.940000 166.180000 -64.940000 166.180000 -64.940000 0.0 0 
2.967060
 1 253 253 p_village_36 Jayek 2114575 0 0 3 0 0 0 0 0 48.590000 -30.720000 48.590000 -30.720000 48.590000 -30.720000 0.0 0 
2.967060
 1 254 254 p_village_37 Ada_Kulun 2114575 0 0 3 0 0 0 0 0 147.040000 219.410000 147.040000 219.410000 147.040000 219.410000 0.0 0 
2.967060
 1 255 255 p_village_38 Ibiran 2114575 0 0 3 0 0 0 0 0 44.470000 149.690000 44.470000 149.690000 44.470000 149.690000 0.0 0 
2.967060
 1 256 256 p_village_39 Reveran 2114575 0 0 3 0 0 0 0 0 104.810000 84.080000 104.810000 84.080000 104.810000 84.080000 0.0 0 
2.967060
 1 257 257 p_village_40 Saren 2114575 0 0 3 0 0 0 0 0 77.900000 88.650000 77.900000 88.650000 77.900000 88.650000 0.0 0 
2.967060
 1 258 258 p_village_41 Dugan 2114575 0 0 3 0 0 0 0 0 -164.830000 106.940000 -164.830000 106.940000 -164.830000 106.940000 0.0 0 
1.745329
 1 259 259 p_village_42 Dirigh_Aban 2114575 0 0 3 0 0 0 0 0 -164.760000 161.320000 -164.760000 161.320000 -164.760000 161.320000 0.0 0 
1.919862
 1 260 260 p_village_43 Zagush 2114575 0 0 3 0 0 0 0 0 133.730000 211.520000 133.730000 211.520000 133.730000 211.520000 0.0 0 
2.094395
 1 261 261 p_village_44 Peshmi 2114575 0 0 3 0 0 0 0 0 -191.320000 203.270000 -191.320000 203.270000 -191.320000 203.270000 0.0 0 
2.268928
 1 262 262 p_village_45 Bulugur 2114575 0 0 3 0 0 0 0 0 -174.120000 137.800000 -174.120000 137.800000 -174.120000 137.800000 0.0 0 
2.967060
 1 263 263 p_village_46 Fedner 2114575 0 0 3 0 0 0 0 0 -78.860000 -146.230000 -78.860000 -146.230000 -78.860000 -146.230000 0.0 0 
2.967060
 1 264 264 p_village_47 Epeshe 2114575 0 0 3 0 0 0 0 0 -1.630000 -181.990000 -1.630000 -181.990000 -1.630000 -181.990000 0.0 0 
2.967060
 1 265 265 p_village_48 Veidar 2114575 0 0 3 0 0 0 0 0 101.280000 167.940000 101.280000 167.940000 101.280000 167.940000 0.0 0 
2.967060
 1 266 266 p_village_49 Tismirr 2114575 0 0 3 0 0 0 0 0 -173.290000 182.480000 -173.290000 182.480000 -173.290000 182.480000 0.0 0 
0.174533
 1 267 267 p_village_50 Karindi 2114575 0 0 3 0 0 0 0 0 -8.520000 3.130000 -8.520000 3.130000 -8.520000 3.130000 0.0 0 
2.967060
 1 268 268 p_village_51 Jelbegi 2114575 0 0 3 0 0 0 0 0 90.060000 -18.600000 90.060000 -18.600000 90.060000 -18.600000 0.0 0 
1.745329
 1 269 269 p_village_52 Amashke 2114575 0 0 3 0 0 0 0 0 242.400000 175.050000 242.400000 175.050000 242.400000 175.050000 0.0 0 
1.919862
 1 270 270 p_village_53 Balanli 2114575 0 0 3 0 0 0 0 0 75.060000 121.030000 75.060000 121.030000 75.060000 121.030000 0.0 0 
2.094395
 1 271 271 p_village_54 Chide 2114575 0 0 3 0 0 0 0 0 83.600000 114.980000 83.600000 114.980000 83.600000 114.980000 0.0 0 
2.268928
 1 272 272 p_village_55 Tadsamesh 2114575 0 0 3 0 0 0 0 0 118.380000 113.770000 118.380000 113.770000 118.380000 113.770000 0.0 0 
2.967060
 1 273 273 p_village_56 Fenada 2114575 0 0 3 0 0 0 0 0 126.720000 -120.580000 126.720000 -120.580000 126.720000 -120.580000 0.0 0 
2.967060
 1 274 274 p_village_57 Ushkuru 2114575 0 0 3 0 0 0 0 0 144.190000 120.920000 144.190000 120.920000 144.190000 120.920000 0.0 0 
2.967060
 1 275 275 p_village_58 Vezin 2114575 0 0 3 0 0 0 0 0 -96.650000 -159.770000 -96.650000 -159.770000 -96.650000 -159.770000 0.0 0 
2.967060
 1 276 276 p_village_59 Dumar 2114575 0 0 3 0 0 0 0 0 55.630000 -16.230000 55.630000 -16.230000 55.630000 -16.230000 0.0 0 
2.967060
 1 277 277 p_village_60 Tahlberl 2114575 0 0 3 0 0 0 0 0 71.030000 162.390000 71.030000 162.390000 71.030000 162.390000 0.0 0 
2.967060
 1 278 278 p_village_61 Aldelen 2114575 0 0 3 0 0 0 0 0 -9.010000 173.100000 -9.010000 173.100000 -9.010000 173.100000 0.0 0 
1.745329
 1 279 279 p_village_62 Rebache 2114575 0 0 3 0 0 0 0 0 222.250000 207.940000 222.250000 207.940000 222.250000 207.940000 0.0 0 
1.745329
 1 280 280 p_village_63 Rduna 2114575 0 0 3 0 0 0 0 0 174.930000 151.560000 174.930000 151.560000 174.930000 151.560000 0.0 0 
1.745329
 1 281 281 p_village_64 Serindiar 2114575 0 0 3 0 0 0 0 0 46.070000 173.930000 46.070000 173.930000 46.070000 173.930000 0.0 0 
1.745329
 1 282 282 p_village_65 Iyindah 2114575 0 0 3 0 0 0 0 0 147.530000 134.600000 147.530000 134.600000 147.530000 134.600000 0.0 0 
1.745329
 1 283 283 p_village_66 Fisdnar 2114575 0 0 3 0 0 0 0 0 -52.840000 -129.530000 -52.840000 -129.530000 -52.840000 -129.530000 0.0 0 
1.745329
 1 284 284 p_village_67 Tebandra 2114575 0 0 3 0 0 0 0 0 74.400000 134.090000 74.400000 134.090000 74.400000 134.090000 0.0 0 
1.745329
 1 285 285 p_village_68 Ibdeles 2114575 0 0 3 0 0 0 0 0 13.670000 -55.110000 13.670000 -55.110000 13.670000 -55.110000 0.0 0 
1.745329
 1 286 286 p_village_69 Kwynn 2114575 0 0 3 0 0 0 0 0 126.060000 -74.360000 126.060000 -74.360000 126.060000 -74.360000 0.0 0 
1.745329
 1 287 287 p_village_70 Dirigsene 2114575 0 0 3 0 0 0 0 0 -74.730000 -30.790000 -74.730000 -30.790000 -74.730000 -30.790000 0.0 0 
1.745329
 1 288 288 p_village_71 Tshibtin 2114575 0 0 3 0 0 0 0 0 130.490000 124.660000 130.490000 124.660000 130.490000 124.660000 0.0 0 
0.349066
 1 289 289 p_village_72 Elberl 2114575 0 0 3 0 0 0 0 0 94.740000 185.130000 94.740000 185.130000 94.740000 185.130000 0.0 0 
1.047198
 1 290 290 p_village_73 Chaeza 2114575 0 0 3 0 0 0 0 0 100.340000 97.690000 100.340000 97.690000 100.340000 97.690000 0.0 0 
0.959931
 1 291 291 p_village_74 Ayyike 2114575 0 0 3 0 0 0 0 0 -157.490000 -128.800000 -157.490000 -128.800000 -157.490000 -128.800000 0.0 0 
0.261799
 1 292 292 p_village_75 Bhulaban 2114575 0 0 3 0 0 0 0 0 55.870000 185.660000 55.870000 185.660000 55.870000 185.660000 0.0 0 
0.174533
 1 293 293 p_village_76 Kedelke 2114575 0 0 3 0 0 0 0 0 65.500000 196.770000 65.500000 196.770000 65.500000 196.770000 0.0 0 
0.610865
 1 294 294 p_village_77 Rizi 2114575 0 0 3 0 0 0 0 0 82.910000 -55.470000 82.910000 -55.470000 82.910000 -55.470000 0.0 0 
2.792527
 1 295 295 p_village_78 Sarimish 2114575 0 0 3 0 0 0 0 0 -46.650000 -103.030000 -46.650000 -103.030000 -46.650000 -103.030000 0.0 0 
3.141593
 1 296 296 p_village_79 Istiniar 2114575 0 0 3 0 0 0 0 0 -11.270000 12.400000 -11.270000 12.400000 -11.270000 12.400000 0.0 0 
0.000000
 1 297 297 p_village_80 Vayejeg 2114575 0 0 3 0 0 0 0 0 -7.660000 155.920000 -7.660000 155.920000 -7.660000 155.920000 0.0 0 
0.698132
 1 298 298 p_village_81 Odasan 2114575 0 0 3 0 0 0 0 0 5.740000 120.980000 5.740000 120.980000 5.740000 120.980000 0.0 0 
0.349066
 1 299 299 p_village_82 Yalibe 2114575 0 0 3 0 0 0 0 0 53.690000 145.520000 53.690000 145.520000 53.690000 145.520000 0.0 0 
1.047198
 1 300 300 p_village_83 Gisim 2114575 0 0 3 0 0 0 0 0 31.350000 116.920000 31.350000 116.920000 31.350000 116.920000 0.0 0 
0.959931
 1 301 301 p_village_84 Chelez 2114575 0 0 3 0 0 0 0 0 -6.460000 -66.660000 -6.460000 -66.660000 -6.460000 -66.660000 0.0 0 
0.261799
 1 302 302 p_village_85 Ismirala 2114575 0 0 3 0 0 0 0 0 -6.850000 -21.770000 -6.850000 -21.770000 -6.850000 -21.770000 0.0 0 
0.174533
 1 303 303 p_village_86 Slezkh 2114575 0 0 3 0 0 0 0 0 -224.110000 208.880000 -224.110000 208.880000 -224.110000 208.880000 0.0 0 
0.610865
 1 304 304 p_village_87 Udiniad 2114575 0 0 3 0 0 0 0 0 29.740000 -66.740000 29.740000 -66.740000 29.740000 -66.740000 0.0 0 
2.792527
 1 305 305 p_village_88 Tulbuk 2114575 0 0 3 0 0 0 0 0 106.500000 190.290000 106.500000 190.290000 106.500000 190.290000 0.0 0 
3.141593
 1 306 306 p_village_89 Uhhun 2114575 0 0 3 0 0 0 0 0 207.580000 241.900000 207.580000 241.900000 207.580000 241.900000 0.0 0 
0.000000
 1 307 307 p_village_90 Jamiche 2114575 0 0 3 0 0 0 0 0 101.550000 -31.780000 101.550000 -31.780000 101.550000 -31.780000 0.0 0 
0.698132
 1 308 308 p_village_91 Ayn_Assuadi 2114575 0 0 3 0 0 0 0 0 -122.160000 -247.990000 -122.160000 -247.990000 -122.160000 -247.990000 0.0 0 
0.349066
 1 309 309 p_village_92 Dhibbain 2114575 0 0 3 0 0 0 0 0 121.370000 -47.410000 121.370000 -47.410000 121.370000 -47.410000 0.0 0 
1.047198
 1 310 310 p_village_93 Qalyut 2114575 0 0 3 0 0 0 0 0 123.040000 7.410000 123.040000 7.410000 123.040000 7.410000 0.0 0 
0.959931
 1 311 311 p_village_94 Mazigh 2114575 0 0 3 0 0 0 0 0 49.300000 -1.120000 49.300000 -1.120000 49.300000 -1.120000 0.0 0 
0.261799
 1 312 312 p_village_95 Tamnuh 2114575 0 0 3 0 0 0 0 0 116.140000 75.350000 116.140000 75.350000 116.140000 75.350000 0.0 0 
0.174533
 1 313 313 p_village_96 Habba 2114575 0 0 3 0 0 0 0 0 53.560000 71.810000 53.560000 71.810000 53.560000 71.810000 0.0 0 
0.610865
 1 314 314 p_village_97 Sekhtem 2114575 0 0 3 0 0 0 0 0 71.290000 75.850000 71.290000 75.850000 71.290000 75.850000 0.0 0 
2.792527
 1 315 315 p_village_98 Mawiti 2114575 0 0 3 0 0 0 0 0 96.260000 115.320000 96.260000 115.320000 96.260000 115.320000 0.0 0 
3.141593
 1 316 316 p_village_99 Fishara 2114575 0 0 3 0 0 0 0 0 60.050000 88.750000 60.050000 88.750000 60.050000 88.750000 0.0 0 
0.000000
 1 317 317 p_village_100 Iqbayl 2114575 0 0 3 0 0 0 0 0 113.830000 35.050000 113.830000 35.050000 113.830000 35.050000 0.0 0 
0.698132
 1 318 318 p_village_101 Uzgha 2114575 0 0 3 0 0 0 0 0 88.510000 110.090000 88.510000 110.090000 88.510000 110.090000 0.0 0 
0.349066
 1 319 319 p_village_102 Shibal_Zumr 2114575 0 0 3 0 0 0 0 0 173.010000 -12.860000 173.010000 -12.860000 173.010000 -12.860000 0.0 0 
1.047198
 1 320 320 p_village_103 Mijayet 2114575 0 0 3 0 0 0 0 0 144.480000 25.470000 144.480000 25.470000 144.480000 25.470000 0.0 0 
0.959931
 1 321 321 p_village_104 Tazjunat 2114575 0 0 3 0 0 0 0 0 -148.960000 -0.980000 -148.960000 -0.980000 -148.960000 -0.980000 0.0 0 
0.261799
 1 322 322 p_village_105 Aab 2114575 0 0 3 0 0 0 0 0 68.000000 64.220000 68.000000 64.220000 68.000000 64.220000 0.0 0 
0.174533
 1 323 323 p_village_106 Hawaha 2114575 0 0 3 0 0 0 0 0 0.370000 105.010000 0.370000 105.010000 0.370000 105.010000 0.0 0 
0.610865
 1 324 324 p_village_107 Unriya 2114575 0 0 3 0 0 0 0 0 147.510000 49.510000 147.510000 49.510000 147.510000 49.510000 0.0 0 
2.792527
 1 325 325 p_village_108 Mit_Nun 2114575 0 0 3 0 0 0 0 0 65.220000 -75.740000 65.220000 -75.740000 65.220000 -75.740000 0.0 0 
3.141593
 1 326 326 p_village_109 Tilimsal 2114575 0 0 3 0 0 0 0 0 132.220000 74.710000 132.220000 74.710000 132.220000 74.710000 0.0 0 
0.000000
 1 327 327 p_village_110 Rushdigh 2114575 0 0 3 0 0 0 0 0 149.230000 1.970000 149.230000 1.970000 149.230000 1.970000 0.0 0 
0.698132
 1 328 328 p_village_111 aa 2114575 0 0 3 0 0 0 0 0 93.370000 87.900000 93.370000 87.900000 93.370000 87.900000 0.0 0 
0.698132
 1 329 329 p_village_112 bb 2114575 0 0 3 0 0 0 0 0 45.970000 -60.160000 45.970000 -60.160000 45.970000 -60.160000 0.0 0 
0.698132
 1 330 330 p_village_113 cc 2114575 0 0 3 0 0 0 0 0 -46.650000 -57.640000 -46.650000 -57.640000 -46.650000 -57.640000 0.0 0 
0.698132
 1 331 331 p_village_114 dd 2114575 0 0 3 0 0 0 0 0 -67.300000 -95.640000 -67.300000 -95.640000 -67.300000 -95.640000 0.0 0 
0.698132
 1 332 332 p_village_115 ee 2114575 0 0 3 0 0 0 0 0 81.810000 206.210000 81.810000 206.210000 81.810000 206.210000 0.0 0 
0.698132
 1 333 333 p_village_116 ff 2114575 0 0 3 0 0 0 0 0 -107.060000 -106.370000 -107.060000 -106.370000 -107.060000 -106.370000 0.0 0 
0.698132
 1 334 334 p_village_117 gg 2114575 0 0 3 0 0 0 0 0 -93.420000 -187.860000 -93.420000 -187.860000 -93.420000 -187.860000 0.0 0 
0.698132
 1 335 335 p_village_118 hh 2114575 0 0 3 0 0 0 0 0 71.820000 180.960000 71.820000 180.960000 71.820000 180.960000 0.0 0 
0.698132
 1 336 336 p_village_119 ii 2114575 0 0 3 0 0 0 0 0 118.280000 50.330000 118.280000 50.330000 118.280000 50.330000 0.0 0 
0.698132
 1 337 337 p_village_120 jj 2114575 0 0 3 0 0 0 0 0 77.930000 199.210000 77.930000 199.210000 77.930000 199.210000 0.0 0 
0.698132
 1 338 338 p_village_121 kk 2114575 0 0 3 0 0 0 0 0 -52.560000 -173.320000 -52.560000 -173.320000 -52.560000 -173.320000 0.0 0 
0.698132
 1 339 339 p_village_122 ll 2114575 0 0 3 0 0 0 0 0 -170.900000 -118.220000 -170.900000 -118.220000 -170.900000 -118.220000 0.0 0 
0.698132
 1 340 340 p_village_123 mm 2114575 0 0 3 0 0 0 0 0 3.880000 166.240000 3.880000 166.240000 3.880000 166.240000 0.0 0 
0.698132
 1 341 341 p_village_124 nn 2114575 0 0 3 0 0 0 0 0 -86.010000 -14.740000 -86.010000 -14.740000 -86.010000 -14.740000 0.0 0 
0.698132
 1 342 342 p_village_125 oo 2114575 0 0 3 0 0 0 0 0 105.150000 207.970000 105.150000 207.970000 105.150000 207.970000 0.0 0 
0.698132
 1 343 343 p_village_126 oo 2114575 0 0 3 0 0 0 0 0 -156.310000 137.200000 -156.310000 137.200000 -156.310000 137.200000 0.0 0 
0.698132
 1 344 344 p_village_127 oo 2114575 0 0 3 0 0 0 0 0 -150.760000 116.520000 -150.760000 116.520000 -150.760000 116.520000 0.0 0 
0.698132
 1 345 345 p_village_128 oo 2114575 0 0 3 0 0 0 0 0 -144.560000 107.230000 -144.560000 107.230000 -144.560000 107.230000 0.0 0 
0.698132
 1 346 346 p_village_129 oo 2114575 0 0 3 0 0 0 0 0 -176.360000 66.390000 -176.360000 66.390000 -176.360000 66.390000 0.0 0 
0.698132
 1 347 347 p_village_130 oo 2114575 0 0 3 0 0 0 0 0 -130.920000 107.550000 -130.920000 107.550000 -130.920000 107.550000 0.0 0 
0.698132
 1 348 348 p_village_131 oo 2114575 0 0 3 0 0 0 0 0 -118.910000 135.490000 -118.910000 135.490000 -118.910000 135.490000 0.0 0 
0.698132
 1 349 349 p_village_132 oo 2114575 0 0 3 0 0 0 0 0 -111.150000 147.850000 -111.150000 147.850000 -111.150000 147.850000 0.0 0 
0.698132
 1 350 350 p_village_133 oo 2114575 0 0 3 0 0 0 0 0 -98.100000 115.360000 -98.100000 115.360000 -98.100000 115.360000 0.0 0 
0.698132
 1 351 351 p_village_134 oo 2114575 0 0 3 0 0 0 0 0 -84.500000 126.390000 -84.500000 126.390000 -84.500000 126.390000 0.0 0 
0.698132
 1 352 352 p_village_135 oo 2114575 0 0 3 0 0 0 0 0 -105.770000 131.680000 -105.770000 131.680000 -105.770000 131.680000 0.0 0 
0.698132
 1 353 353 p_village_136 oo 2114575 0 0 3 0 0 0 0 0 -79.370000 140.570000 -79.370000 140.570000 -79.370000 140.570000 0.0 0 
0.698132
 1 354 354 p_village_137 oo 2114575 0 0 3 0 0 0 0 0 -110.700000 104.230000 -110.700000 104.230000 -110.700000 104.230000 0.0 0 
0.698132
 1 355 355 p_village_138 oo 2114575 0 0 3 0 0 0 0 0 -103.650000 79.810000 -103.650000 79.810000 -103.650000 79.810000 0.0 0 
0.698132
 1 356 356 p_village_139 oo 2114575 0 0 3 0 0 0 0 0 -89.300000 91.330000 -89.300000 91.330000 -89.300000 91.330000 0.0 0 
0.698132
 1 357 357 p_village_140 oo 2114575 0 0 3 0 0 0 0 0 -71.950000 92.700000 -71.950000 92.700000 -71.950000 92.700000 0.0 0 
0.698132
 1 358 358 p_village_141 oo 2114575 0 0 3 0 0 0 0 0 -82.120000 103.650000 -82.120000 103.650000 -82.120000 103.650000 0.0 0 
0.698132
 1 359 359 p_village_142 oo 2114575 0 0 3 0 0 0 0 0 -96.180000 178.980000 -96.180000 178.980000 -96.180000 178.980000 0.0 0 
0.698132
 1 360 360 p_village_143 oo 2114575 0 0 3 0 0 0 0 0 -71.960000 174.260000 -71.960000 174.260000 -71.960000 174.260000 0.0 0 
0.698132
 1 361 361 p_village_144 oo 2114575 0 0 3 0 0 0 0 0 -65.970000 134.850000 -65.970000 134.850000 -65.970000 134.850000 0.0 0 
0.698132
 1 362 362 p_village_145 oo 2114575 0 0 3 0 0 0 0 0 -47.050000 194.440000 -47.050000 194.440000 -47.050000 194.440000 0.0 0 
0.698132
 1 363 363 p_village_146 oo 2114575 0 0 3 0 0 0 0 0 -16.870000 206.980000 -16.870000 206.980000 -16.870000 206.980000 0.0 0 
0.698132
 1 364 364 p_village_147 oo 2114575 0 0 3 0 0 0 0 0 -55.750000 95.040000 -55.750000 95.040000 -55.750000 95.040000 0.0 0 
0.698132
 1 365 365 p_village_148 oo 2114575 0 0 3 0 0 0 0 0 -72.360000 80.840000 -72.360000 80.840000 -72.360000 80.840000 0.0 0 
0.698132
 1 366 366 p_village_149 oo 2114575 0 0 3 0 0 0 0 0 -52.770000 86.180000 -52.770000 86.180000 -52.770000 86.180000 0.0 0 
0.698132
 1 367 367 p_village_150 oo 2114575 0 0 3 0 0 0 0 0 -57.660000 67.990000 -57.660000 67.990000 -57.660000 67.990000 0.0 0 
0.698132
 1 368 368 p_village_151 oo 2114575 0 0 3 0 0 0 0 0 -41.850000 93.070000 -41.850000 93.070000 -41.850000 93.070000 0.0 0 
0.698132
 1 369 369 p_village_152 oo 2114575 0 0 3 0 0 0 0 0 -33.870000 104.460000 -33.870000 104.460000 -33.870000 104.460000 0.0 0 
0.698132
 1 370 370 p_village_153 oo 2114575 0 0 3 0 0 0 0 0 -29.610000 86.940000 -29.610000 86.940000 -29.610000 86.940000 0.0 0 
0.698132
 1 371 371 p_village_154 oo 2114575 0 0 3 0 0 0 0 0 -14.150000 88.050000 -14.150000 88.050000 -14.150000 88.050000 0.0 0 
0.698132
 1 372 372 p_village_155 oo 2114575 0 0 3 0 0 0 0 0 -5.320000 93.480000 -5.320000 93.480000 -5.320000 93.480000 0.0 0 
0.698132
 1 373 373 p_village_156 oo 2114575 0 0 3 0 0 0 0 0 3.300000 73.730000 3.300000 73.730000 3.300000 73.730000 0.0 0 
0.698132
 1 374 374 p_village_157 oo 2114575 0 0 3 0 0 0 0 0 10.010000 89.030000 10.010000 89.030000 10.010000 89.030000 0.0 0 
0.698132
 1 375 375 p_village_158 oo 2114575 0 0 3 0 0 0 0 0 -27.360000 116.550000 -27.360000 116.550000 -27.360000 116.550000 0.0 0 
0.698132
 1 376 376 p_village_159 oo 2114575 0 0 3 0 0 0 0 0 -17.930000 128.660000 -17.930000 128.660000 -17.930000 128.660000 0.0 0 
0.698132
 1 377 377 p_village_160 oo 2114575 0 0 3 0 0 0 0 0 -0.180000 182.940000 -0.180000 182.940000 -0.180000 182.940000 0.0 0 
0.698132
 1 378 378 p_village_161 oo 2114575 0 0 3 0 0 0 0 0 -1.970000 199.140000 -1.970000 199.140000 -1.970000 199.140000 0.0 0 
0.698132
 1 379 379 p_village_162 oo 2114575 0 0 3 0 0 0 0 0 14.870000 211.390000 14.870000 211.390000 14.870000 211.390000 0.0 0 
0.698132
 1 380 380 p_village_163 oo 2114575 0 0 3 0 0 0 0 0 1.980000 129.400000 1.980000 129.400000 1.980000 129.400000 0.0 0 
0.698132
 1 381 381 p_village_164 oo 2114575 0 0 3 0 0 0 0 0 17.340000 147.580000 17.340000 147.580000 17.340000 147.580000 0.0 0 
0.698132
 1 382 382 p_village_165 oo 2114575 0 0 3 0 0 0 0 0 2.860000 64.350000 2.860000 64.350000 2.860000 64.350000 0.0 0 
0.698132
 1 383 383 p_village_166 oo 2114575 0 0 3 0 0 0 0 0 -23.240000 53.080000 -23.240000 53.080000 -23.240000 53.080000 0.0 0 
0.698132
 1 384 384 p_village_167 oo 2114575 0 0 3 0 0 0 0 0 -22.920000 39.080000 -22.920000 39.080000 -22.920000 39.080000 0.0 0 
0.698132
 1 385 385 p_village_168 oo 2114575 0 0 3 0 0 0 0 0 16.200000 88.930000 16.200000 88.930000 16.200000 88.930000 0.0 0 
0.698132
 1 386 386 p_village_169 oo 2114575 0 0 3 0 0 0 0 0 22.230000 96.160000 22.230000 96.160000 22.230000 96.160000 0.0 0 
0.698132
 1 387 387 p_village_170 oo 2114575 0 0 3 0 0 0 0 0 24.230000 81.520000 24.230000 81.520000 24.230000 81.520000 0.0 0 
0.698132
 1 388 388 p_village_171 oo 2114575 0 0 3 0 0 0 0 0 -0.400000 50.010000 -0.400000 50.010000 -0.400000 50.010000 0.0 0 
0.698132
 1 389 389 p_village_172 oo 2114575 0 0 3 0 0 0 0 0 45.070000 58.980000 45.070000 58.980000 45.070000 58.980000 0.0 0 
0.698132
 1 390 390 p_village_173 oo 2114575 0 0 3 0 0 0 0 0 43.560000 124.800000 43.560000 124.800000 43.560000 124.800000 0.0 0 
0.698132
 1 391 391 p_village_174 oo 2114575 0 0 3 0 0 0 0 0 40.710000 135.580000 40.710000 135.580000 40.710000 135.580000 0.0 0 
0.698132
 1 392 392 p_village_175 oo 2114575 0 0 3 0 0 0 0 0 60.420000 138.890000 60.420000 138.890000 60.420000 138.890000 0.0 0 
0.698132
 1 393 393 p_village_176 oo 2114575 0 0 3 0 0 0 0 0 51.760000 111.550000 51.760000 111.550000 51.760000 111.550000 0.0 0 
0.698132
 1 394 394 p_village_177 oo 2114575 0 0 3 0 0 0 0 0 36.360000 99.600000 36.360000 99.600000 36.360000 99.600000 0.0 0 
0.698132
 1 395 395 p_village_178 oo 2114575 0 0 3 0 0 0 0 0 46.510000 105.430000 46.510000 105.430000 46.510000 105.430000 0.0 0 
0.698132
 1 396 396 p_village_179 oo 2114575 0 0 3 0 0 0 0 0 63.350000 108.510000 63.350000 108.510000 63.350000 108.510000 0.0 0 
0.698132
 1 397 397 p_village_180 oo 2114575 0 0 3 0 0 0 0 0 143.810000 143.970000 143.810000 143.970000 143.810000 143.970000 0.0 0 
0.698132
 1 398 398 p_village_181 oo 2114575 0 0 3 0 0 0 0 0 92.110000 66.940000 92.110000 66.940000 92.110000 66.940000 0.0 0 
0.698132
 1 399 399 p_village_182 oo 2114575 0 0 3 0 0 0 0 0 101.220000 54.750000 101.220000 54.750000 101.220000 54.750000 0.0 0 
0.698132
 1 400 400 p_village_183 oo 2114575 0 0 3 0 0 0 0 0 125.920000 100.420000 125.920000 100.420000 125.920000 100.420000 0.0 0 
0.698132
 1 401 401 p_village_184 oo 2114575 0 0 3 0 0 0 0 0 92.270000 39.250000 92.270000 39.250000 92.270000 39.250000 0.0 0 
0.698132
 1 402 402 p_village_185 oo 2114575 0 0 3 0 0 0 0 0 43.130000 34.900000 43.130000 34.900000 43.130000 34.900000 0.0 0 
0.698132
 1 403 403 p_village_186 oo 2114575 0 0 3 0 0 0 0 0 -6.010000 19.940000 -6.010000 19.940000 -6.010000 19.940000 0.0 0 
0.698132
 1 404 404 p_village_187 oo 2114575 0 0 3 0 0 0 0 0 11.090000 14.320000 11.090000 14.320000 11.090000 14.320000 0.0 0 
0.698132
 1 405 405 p_village_188 oo 2114575 0 0 3 0 0 0 0 0 28.520000 16.880000 28.520000 16.880000 28.520000 16.880000 0.0 0 
0.698132
 1 406 406 p_village_189 oo 2114575 0 0 3 0 0 0 0 0 67.370000 -6.840000 67.370000 -6.840000 67.370000 -6.840000 0.0 0 
0.698132
 1 407 407 p_village_190 oo 2114575 0 0 3 0 0 0 0 0 91.270000 9.340000 91.270000 9.340000 91.270000 9.340000 0.0 0 
0.698132
 1 408 408 p_village_191 oo 2114575 0 0 3 0 0 0 0 0 11.510000 2.540000 11.510000 2.540000 11.510000 2.540000 0.0 0 
0.698132
 1 409 409 p_village_192 oo 2114575 0 0 3 0 0 0 0 0 23.730000 -8.750000 23.730000 -8.750000 23.730000 -8.750000 0.0 0 
0.698132
 1 410 410 p_village_193 oo 2114575 0 0 3 0 0 0 0 0 36.100000 -18.300000 36.100000 -18.300000 36.100000 -18.300000 0.0 0 
0.698132
 1 411 411 p_village_194 oo 2114575 0 0 3 0 0 0 0 0 62.400000 -28.960000 62.400000 -28.960000 62.400000 -28.960000 0.0 0 
0.698132
 1 412 412 p_village_195 oo 2114575 0 0 3 0 0 0 0 0 29.460000 -38.430000 29.460000 -38.430000 29.460000 -38.430000 0.0 0 
0.698132
 1 413 413 p_village_196 oo 2114575 0 0 3 0 0 0 0 0 5.500000 -91.090000 5.500000 -91.090000 5.500000 -91.090000 0.0 0 
0.698132
 1 414 414 p_village_197 oo 2114575 0 0 3 0 0 0 0 0 45.730000 -169.880000 45.730000 -169.880000 45.730000 -169.880000 0.0 0 
0.698132
 1 415 415 p_village_198 oo 2114575 0 0 3 0 0 0 0 0 -130.560000 -98.520000 -130.560000 -98.520000 -130.560000 -98.520000 0.0 0 
0.698132
 1 416 416 p_village_199 oo 2114575 0 0 3 0 0 0 0 0 -178.460000 -128.720000 -178.460000 -128.720000 -178.460000 -128.720000 0.0 0 
0.698132
 1 417 417 p_village_200 oo 2114575 0 0 3 0 0 0 0 0 143.660000 -29.250000 143.660000 -29.250000 143.660000 -29.250000 0.0 0 
0.698132
 1 418 418 p_village_201 oo 2114575 0 0 3 0 0 0 0 0 135.040000 18.480000 135.040000 18.480000 135.040000 18.480000 0.0 0 
0.698132
 1 419 419 p_village_202 oo 2114575 0 0 3 0 0 0 0 0 99.860000 -4.790000 99.860000 -4.790000 99.860000 -4.790000 0.0 0 
0.698132
 1 420 420 p_village_203 oo 2114575 0 0 3 0 0 0 0 0 125.890000 -18.070000 125.890000 -18.070000 125.890000 -18.070000 0.0 0 
0.698132
 1 421 421 p_village_204 oo 2114575 0 0 3 0 0 0 0 0 85.600000 -40.660000 85.600000 -40.660000 85.600000 -40.660000 0.0 0 
0.698132
 1 422 422 p_village_205 oo 2114575 0 0 3 0 0 0 0 0 35.580000 -130.290000 35.580000 -130.290000 35.580000 -130.290000 0.0 0 
0.698132
 1 423 423 p_village_206 oo 2114575 0 0 3 0 0 0 0 0 -20.270000 7.820000 -20.270000 7.820000 -20.270000 7.820000 0.0 0 
0.698132
 1 424 424 p_village_207 oo 2114575 0 0 3 0 0 0 0 0 -51.350000 12.850000 -51.350000 12.850000 -51.350000 12.850000 0.0 0 
0.698132
 1 425 425 p_village_208 oo 2114575 0 0 3 0 0 0 0 0 -73.390000 7.300000 -73.390000 7.300000 -73.390000 7.300000 0.0 0 
0.698132
 1 426 426 p_village_209 oo 2114575 0 0 3 0 0 0 0 0 -111.190000 6.660000 -111.190000 6.660000 -111.190000 6.660000 0.0 0 
0.698132
 1 427 427 p_village_210 oo 2114575 0 0 3 0 0 0 0 0 -61.010000 38.560000 -61.010000 38.560000 -61.010000 38.560000 0.0 0 
0.698132
 1 428 428 p_village_211 oo 2114575 0 0 3 0 0 0 0 0 -36.500000 64.950000 -36.500000 64.950000 -36.500000 64.950000 0.0 0 
0.698132
 1 429 429 p_village_212 oo 2114575 0 0 3 0 0 0 0 0 -79.670000 53.550000 -79.670000 53.550000 -79.670000 53.550000 0.0 0 
0.698132
 1 430 430 p_village_213 oo 2114575 0 0 3 0 0 0 0 0 -84.900000 67.740000 -84.900000 67.740000 -84.900000 67.740000 0.0 0 
0.698132
 1 431 431 p_village_214 oo 2114575 0 0 3 0 0 0 0 0 -118.710000 74.520000 -118.710000 74.520000 -118.710000 74.520000 0.0 0 
0.698132
 1 432 432 p_village_215 oo 2114575 0 0 3 0 0 0 0 0 -131.390000 61.060000 -131.390000 61.060000 -131.390000 61.060000 0.0 0 
0.698132
 1 433 433 p_village_216 oo 2114575 0 0 3 0 0 0 0 0 -99.630000 59.840000 -99.630000 59.840000 -99.630000 59.840000 0.0 0 
0.698132
 1 434 434 p_village_217 oo 2114575 0 0 3 0 0 0 0 0 -79.850000 32.870000 -79.850000 32.870000 -79.850000 32.870000 0.0 0 
0.698132
 1 435 435 p_village_218 oo 2114575 0 0 3 0 0 0 0 0 -103.060000 51.980000 -103.060000 51.980000 -103.060000 51.980000 0.0 0 
0.698132
 1 436 436 p_village_219 oo 2114575 0 0 3 0 0 0 0 0 -103.740000 30.330000 -103.740000 30.330000 -103.740000 30.330000 0.0 0 
0.698132
 1 437 437 p_village_220 oo 2114575 0 0 3 0 0 0 0 0 -161.640000 -80.890000 -161.640000 -80.890000 -161.640000 -80.890000 0.0 0 
0.698132
 1 438 438 p_village_221 oo 2114575 0 0 3 0 0 0 0 0 -125.150000 -63.690000 -125.150000 -63.690000 -125.150000 -63.690000 0.0 0 
0.698132
 1 439 439 p_village_222 oo 2114575 0 0 3 0 0 0 0 0 -152.970000 -54.610000 -152.970000 -54.610000 -152.970000 -54.610000 0.0 0 
0.698132
 1 440 440 p_village_223 oo 2114575 0 0 3 0 0 0 0 0 -164.520000 -48.440000 -164.520000 -48.440000 -164.520000 -48.440000 0.0 0 
0.698132
 1 441 441 p_village_224 oo 2114575 0 0 3 0 0 0 0 0 -132.270000 -29.570000 -132.270000 -29.570000 -132.270000 -29.570000 0.0 0 
0.698132
 1 442 442 p_village_225 oo 2114575 0 0 3 0 0 0 0 0 -140.580000 -18.110000 -140.580000 -18.110000 -140.580000 -18.110000 0.0 0 
0.698132
 1 443 443 p_village_226 oo 2114575 0 0 3 0 0 0 0 0 -150.800000 -17.920000 -150.800000 -17.920000 -150.800000 -17.920000 0.0 0 
0.698132
 1 444 444 p_village_227 oo 2114575 0 0 3 0 0 0 0 0 -153.820000 9.590000 -153.820000 9.590000 -153.820000 9.590000 0.0 0 
0.698132
 1 445 445 p_village_228 oo 2114575 0 0 3 0 0 0 0 0 -130.580000 -6.920000 -130.580000 -6.920000 -130.580000 -6.920000 0.0 0 
0.698132
 1 446 446 p_village_229 oo 2114575 0 0 3 0 0 0 0 0 -146.560000 49.480000 -146.560000 49.480000 -146.560000 49.480000 0.0 0 
0.698132
 1 447 447 p_village_230 oo 2114575 0 0 3 0 0 0 0 0 -121.060000 20.900000 -121.060000 20.900000 -121.060000 20.900000 0.0 0 
0.698132
 1 448 448 p_village_231 oo 2114575 0 0 3 0 0 0 0 0 4.060000 0.610000 4.060000 0.610000 4.060000 0.610000 0.0 0 
0.698132
 1 449 449 p_village_232 oo 2114575 0 0 3 0 0 0 0 0 -73.220000 -3.840000 -73.220000 -3.840000 -73.220000 -3.840000 0.0 0 
0.698132
 1 450 450 p_village_233 oo 2114575 0 0 3 0 0 0 0 0 -110.580000 -11.040000 -110.580000 -11.040000 -110.580000 -11.040000 0.0 0 
0.698132
 1 451 451 p_village_234 oo 2114575 0 0 3 0 0 0 0 0 -94.660000 -11.190000 -94.660000 -11.190000 -94.660000 -11.190000 0.0 0 
0.698132
 1 452 452 p_village_235 oo 2114575 0 0 3 0 0 0 0 0 -113.370000 -1.110000 -113.370000 -1.110000 -113.370000 -1.110000 0.0 0 
0.698132
 1 453 453 p_village_236 oo 2114575 0 0 3 0 0 0 0 0 -131.680000 13.310000 -131.680000 13.310000 -131.680000 13.310000 0.0 0 
0.698132
 1 454 454 p_village_237 oo 2114575 0 0 3 0 0 0 0 0 -125.560000 46.530000 -125.560000 46.530000 -125.560000 46.530000 0.0 0 
0.698132
 1 455 455 p_village_238 oo 2114575 0 0 3 0 0 0 0 0 -88.330000 48.130000 -88.330000 48.130000 -88.330000 48.130000 0.0 0 
0.698132
 1 456 456 p_village_239 oo 2114575 0 0 3 0 0 0 0 0 -120.760000 120.880000 -120.760000 120.880000 -120.760000 120.880000 0.0 0 
0.698132
 1 457 457 p_village_240 oo 2114575 0 0 3 0 0 0 0 0 99.240000 -79.450000 99.240000 -79.450000 99.240000 -79.450000 0.0 0 
0.698132
 1 458 458 p_salt_mine Salt_Mine 2114831 0 0 3 0 0 0 0 0 14.200000 -31.000000 14.200000 -31.000000 14.200000 -31.000000 0.0 0 
0.000000
 1 459 459 p_four_ways_inn Four_Ways_Inn 2114831 0 0 3 0 0 0 0 0 4.800000 -39.600000 4.800000 -39.600000 4.800000 -39.600000 0.0 0 
0.000000
 1 460 460 p_test_scene test_scene 2114831 0 0 3 0 0 0 0 0 10.800000 -19.600000 10.800000 -19.600000 10.800000 -19.600000 0.0 0 
0.000000
 1 461 461 p_battlefields battlefields 2114831 0 0 3 0 0 0 0 0 10.800000 -16.600000 10.800000 -16.600000 10.800000 -16.600000 0.0 0 
0.000000
 1 462 462 p_dhorak_keep Dhorak_Keep 2639116 0 0 3 0 0 0 0 0 -50.000000 -58.000000 -50.000000 -58.000000 -50.000000 -58.000000 0.0 0 
0.000000
 1 463 463 p_training_ground Training_Ground 2114855 0 0 3 0 0 0 0 0 3.000000 -7.000000 3.000000 -7.000000 3.000000 -7.000000 0.0 0 
0.000000
 1 464 464 p_training_ground_1 Training_Field 2118951 0 0 3 0 0 0 0 0 22.120000 47.320000 22.120000 47.320000 22.120000 47.320000 0.0 0 
1.745329
 1 465 465 p_training_ground_2 Training_Field 2118951 0 0 3 0 0 0 0 0 33.640000 160.370000 33.640000 160.370000 33.640000 160.370000 0.0 0 
1.745329
 1 466 466 p_training_ground_3 Training_Field 2118951 0 0 3 0 0 0 0 0 -73.000000 188.000000 -73.000000 188.000000 -73.000000 188.000000 0.0 0 
1.745329
 1 467 467 p_training_ground_4 Training_Field 2118951 0 0 3 0 0 0 0 0 -88.670000 -119.820000 -88.670000 -119.820000 -88.670000 -119.820000 0.0 0 
1.745329
 1 468 468 p_training_ground_5 Training_Field 2118951 0 0 3 0 0 0 0 0 21.920000 -113.950000 21.920000 -113.950000 21.920000 -113.950000 0.0 0 
1.745329
 1 469 469 p_bridge_1 {!}1 541737 0 0 3 0 0 0 0 0 -69.100000 48.590000 -69.100000 48.590000 -69.100000 48.590000 0.0 0 
3.647738
 1 470 470 p_bridge_2 {!}2 541737 0 0 3 0 0 0 0 0 27.930000 -14.540000 27.930000 -14.540000 27.930000 -14.540000 0.0 0 
0.820305
 1 471 471 p_bridge_3 {!}3 541737 0 0 3 0 0 0 0 0 190.770000 228.190000 190.770000 228.190000 190.770000 228.190000 0.0 0 
3.735005
 1 472 472 p_bridge_4 {!}4 541737 0 0 3 0 0 0 0 0 82.800000 144.580000 82.800000 144.580000 82.800000 144.580000 0.0 0 
0.628319
 1 473 473 p_bridge_5 {!}5 541737 0 0 3 0 0 0 0 0 -36.700000 -162.700000 -36.700000 -162.700000 -36.700000 -162.700000 0.0 0 
2.530727
 1 474 474 p_bridge_6 {!}6 541737 0 0 3 0 0 0 0 0 106.000000 52.040000 106.000000 52.040000 106.000000 52.040000 0.0 0 
3.735005
 1 475 475 p_bridge_7 {!}7 541737 0 0 3 0 0 0 0 0 -10.840000 144.340000 -10.840000 144.340000 -10.840000 144.340000 0.0 0 
1.186824
 1 476 476 p_bridge_8 {!}8 541737 0 0 3 0 0 0 0 0 60.970000 -51.840000 60.970000 -51.840000 60.970000 -51.840000 0.0 0 
1.535890
 1 477 477 p_bridge_9 {!}9 541737 0 0 3 0 0 0 0 0 6.860000 -80.560000 6.860000 -80.560000 6.860000 -80.560000 0.0 0 
4.118977
 1 478 478 p_bridge_10 {!}10 541737 0 0 3 0 0 0 0 0 -155.930000 -23.150000 -155.930000 -23.150000 -155.930000 -23.150000 0.0 0 
5.358161
 1 479 479 p_bridge_11 {!}11 541737 0 0 3 0 0 0 0 0 77.970000 66.520000 77.970000 66.520000 77.970000 66.520000 0.0 0 
2.216568
 1 480 480 p_bridge_12 {!}12 541737 0 0 3 0 0 0 0 0 -163.310000 -54.720000 -163.310000 -54.720000 -163.310000 -54.720000 0.0 0 
3.682645
 1 481 481 p_bridge_13 {!}13 541737 0 0 3 0 0 0 0 0 3.130000 25.100000 3.130000 25.100000 3.130000 25.100000 0.0 0 
5.044001
 1 482 482 p_bridge_14 {!}14 541737 0 0 3 0 0 0 0 0 -84.650000 -5.400000 -84.650000 -5.400000 -84.650000 -5.400000 0.0 0 
3.735005
 1 483 483 p_bridge_15 {!}15 541737 0 0 3 0 0 0 0 0 -27.080000 192.590000 -27.080000 192.590000 -27.080000 192.590000 0.0 0 
4.607669
 1 484 484 p_bridge_16 {!}16 541737 0 0 3 0 0 0 0 0 -151.020000 125.530000 -151.020000 125.530000 -151.020000 125.530000 0.0 0 
3.647738
 1 485 485 p_bridge_17 {!}17 541737 0 0 3 0 0 0 0 0 -95.020000 83.800000 -95.020000 83.800000 -95.020000 83.800000 0.0 0 
3.455752
 1 486 486 p_bridge_18 {!}18 541737 0 0 3 0 0 0 0 0 -122.020000 -225.100000 -122.020000 -225.100000 -122.020000 -225.100000 0.0 0 
2.164208
 1 487 487 p_bridge_19 {!}18 541737 0 0 3 0 0 0 0 0 50.580000 -6.580000 50.580000 -6.580000 50.580000 -6.580000 0.0 0 
2.443461
 1 488 488 p_bridge_20 {!}18 541737 0 0 3 0 0 0 0 0 -36.130000 93.030000 -36.130000 93.030000 -36.130000 93.030000 0.0 0 
2.513274
 1 489 489 p_looter_spawn_point {!}looter_sp 1280 0 0 2 0 0 0 0 0 58.000000 56.000000 58.000000 56.000000 58.000000 56.000000 0.0 1 481 15 0 0 
0.000000
 1 490 490 p_steppe_bandit_spawn_point the_steppes 1280 0 0 2 0 0 0 0 0 -68.000000 192.000000 -68.000000 192.000000 -68.000000 192.000000 0.0 1 481 15 0 0 
0.000000
 1 491 491 p_taiga_bandit_spawn_point the_tundra 1280 0 0 2 0 0 0 0 0 26.000000 62.000000 26.000000 62.000000 26.000000 62.000000 0.0 1 481 15 0 0 
0.000000
 1 492 492 p_forest_bandit_spawn_point the_forests 1280 0 0 2 0 0 0 0 0 -144.000000 -114.000000 -144.000000 -114.000000 -144.000000 -114.000000 0.0 1 481 15 0 0 
0.000000
 1 493 493 p_mountain_bandit_spawn_point the_highlands 1280 0 0 2 0 0 0 0 0 83.000000 187.000000 83.000000 187.000000 83.000000 187.000000 0.0 1 481 15 0 0 
0.000000
 1 494 494 p_sea_raider_spawn_point_1 the_coast 1280 0 0 2 0 0 0 0 0 128.000000 84.000000 128.000000 84.000000 128.000000 84.000000 0.0 1 481 15 0 0 
0.000000
 1 495 495 p_sea_raider_spawn_point_2 the_coast 1280 0 0 2 0 0 0 0 0 160.000000 22.000000 160.000000 22.000000 160.000000 22.000000 0.0 1 481 15 0 0 
0.000000
 1 496 496 p_desert_bandit_spawn_point the_deserts 1280 0 0 2 0 0 0 0 0 -68.000000 190.000000 -68.000000 190.000000 -68.000000 190.000000 0.0 1 481 15 0 0 
0.000000
 1 497 497 p_spawn_points_end {!}last_spawn_point 1280 0 0 1 0 0 0 0 0 0.000000 0.000000 0.000000 0.000000 0.000000 0.000000 0.0 1 481 15 0 0 
0.000000
 1 498 498 p_zhenhunta zhenhunta 2118857 0 0 3 0 0 0 0 0 22.020000 47.260000 22.020000 47.260000 22.020000 47.260000 0.0 0 
1.745329
 1 499 499 p_matou_1 kuaiji 2118859 0 0 3 0 0 0 0 0 167.900000 -5.690000 167.900000 -5.690000 167.900000 -5.690000 0.0 0 
1.745329
 1 500 500 p_matou_2 wuxian 2118859 0 0 3 0 0 0 0 0 167.400000 20.100000 167.400000 20.100000 167.400000 20.100000 0.0 0 
0.959931
 1 501 501 p_matou_3 jianye 2118859 0 0 3 0 0 0 0 0 154.160000 30.760000 154.160000 30.760000 154.160000 30.760000 0.0 0 
1.256637
 1 502 502 p_matou_4 xiapi 2118859 0 0 3 0 0 0 0 0 135.520000 84.660000 135.520000 84.660000 135.520000 84.660000 0.0 0 
0.174533
 1 503 503 p_matou_5 juxian 2118859 0 0 3 0 0 0 0 0 134.420000 147.500000 134.420000 147.500000 134.420000 147.500000 0.0 0 
1.745329
 1 504 504 p_matou_6 linzi 2118859 0 0 3 0 0 0 0 0 119.020000 152.200000 119.020000 152.200000 119.020000 152.200000 0.0 0 
1.326450
 1 505 505 p_matou_7 nanpi 2118859 0 0 3 0 0 0 0 0 106.020000 173.400000 106.020000 173.400000 106.020000 173.400000 0.0 0 
0.174533
 1 506 506 p_matou_8 xiangping 2118859 0 0 3 0 0 0 0 0 181.170000 215.070000 181.170000 215.070000 181.170000 215.070000 0.0 0 
2.268928
 1 507 507 p_reserved_1 {!}last_spawn_point 1280 0 0 1 0 0 0 0 0 0.000000 0.000000 0.000000 0.000000 0.000000 0.000000 0.0 1 481 15 0 0 
0.000000
 1 508 508 p_reserved_2 {!}last_spawn_point 1280 0 0 1 0 0 0 0 0 0.000000 0.000000 0.000000 0.000000 0.000000 0.000000 0.0 1 481 15 0 0 
0.000000
 1 509 509 p_reserved_3 {!}last_spawn_point 1280 0 0 1 0 0 0 0 0 0.000000 0.000000 0.000000 0.000000 0.000000 0.000000 0.0 1 481 15 0 0 
0.000000
 1 510 510 p_reserved_4 {!}last_spawn_point 1280 0 0 1 0 0 0 0 0 0.000000 0.000000 0.000000 0.000000 0.000000 0.000000 0.0 1 481 15 0 0 
0.000000
 1 511 511 p_reserved_5 {!}last_spawn_point 1280 0 0 1 0 0 0 0 0 0.000000 0.000000 0.000000 0.000000 0.000000 0.000000 0.0 1 481 15 0 0 
0.000000
